1.880674331593366 7
1.626798327883581 3
1.6690124788325214 6
1.6500555938774153 0
1.52055208022494 2
1.8533963707362398 2
1.450470511065296 0
1.6607761079956997 2
1.717829737899549 2
1.6529389252768485 2
1.7990755368475932 2
1.8889399965760232 7
1.2386154635420255 0
1.3157712142704792 2
1.3657567573343574 0
1.811337535908223 2
1.7921747588756356 7
1.2971323412990312 0
1.5414127736910304 0
1.4573874729265723 2
1.8889399965760232 7
1.299389986776104 0
1.5279039485876387 2
1.573985269122001 2
1.1276055643897958 0
1.8042931763303725 2
2.177612300229324 2
1.4473092460500625 0
0.9821603826224778 0
1.2590403816268587 0
2.0599612900738378 2
1.675580411232595 6
1.9399388782946558 2
1.6013777085415242 6
2.036649741391315 2
1.9096896587781353 2
1.7518015323764387 2
2.0078685145299007 2
2.054605886178202 2
2.071676437616041 2
1.8352818311766306 2
1.791665046194013 2
2.052216934256415 2
1.8906044952514787 2
1.187295289894754 0
2.1397848602357885 2
1.5372503413995446 0
2.0491727311300445 2
1.8156115623025109 2
2.060749248812813 2
1.7103543774997827 5
1.9011912264452742 2
1.9921378827674667 2
1.9906657304272453 2
1.9500458743173361 2
1.0050019264863383 0
1.8356417078573175 2
1.219481982777809 0
1.5858099271708177 2
1.8132252968283333 2
1.732632697684883 2
1.9476539862456357 2
1.8374865140523 2
1.62949722002596 2
1.8402047467702034 2
1.4758216011247205 0
1.712653257185025 2
1.7723507359933959 2
2.04924986326044 2
1.697519528741743 2
1.3442025375093378 0
1.9929524188448888 2
1.0110754353228844 0
2.13968599061315 2
1.7330261656370605 5
1.9957962447770328 4
1.115655333361557 0
1.9947151270286205 2
1.7948654409002398 2
1.9237978863298824 2
1.3025398729694964 0
0.9071804628458107 0
1.9934279994108732 2
1.9421425561538537 2
1.9087766041414786 2
1.3978411731930909 0
1.8158051073590566 2
1.4506417254547843 2
2.0527173465587314 2
2.2436094824643513 2
1.924846866262099 2
2.25354936035402 2
1.7160215335178906 2
1.4258049882407748 0
3.0432240393328964 4
1.9144076773266048 2
2.0698127005427827 2
2.0058818770860714 4
1.8309582743606518 2
1.927312772334572 2
1.4537415965187555 2
2.0201747276419204 2
1.661070722261227 2
1.209937463766287 0
2.0136851840973375 2
1.1897720454074439 0
1.8827914704630109 2
1.5297932652391388 2
1.1743962849779979 0
1.046327287916792 0
2.0128775294920125 2
1.157826105116624 0
2.0321122315824867 2
1.9617261053189363 2
0.7454995000786141 0
2.0605735237855316 2
1.904140102951967 2
1.9549499938477146 2
1.4192695591477862 0
1.4892947748604306 0
1.9840998748643517 2
1.8698493310333653 2
1.7999555663852798 7
1.486884107480253 0
2.043588859252905 2
1.3722409811471339 0
1.9255157405370908 2
1.8648585095812658 7
1.816829033518564 2
1.9903577110971697 2
2.014296784107006 2
1.8191257304967863 2
1.909674601062227 2
1.932232973682703 2
1.9603615213758327 2
1.9073486717853527 2
1.7432277996584131 2
2.083998722103958 2
1.5984619848098387 1
1.1714537469589947 0
2.0213845400831274 2
2.069138817127806 2
2.149481224104129 2
1.1346026018803599 0
2.0235351197965374 2
1.7103860682075394 2
1.3406258418703887 0
2.0193739140833604 2
1.6919340643539107 2
1.746183137493356 7
1.8089154081193441 2
1.7522546797252119 2
1.5036005511869586 1
2.0999626534190856 2
1.650398443997093 5
1.4892554012837986 0
1.7162096331195622 2
1.7577047607105651 2
1.140809166766385 1
1.896787536615171 2
1.513882360637964 2
1.6537182310150957 5
1.3978337852445843 0
2.1526224812181063 2
1.9144403227405464 2
1.8108432943299362 2
1.877943594126497 2
1.6911422922730193 2
1.790870491281464 2
0.9481968455256696 0
1.8703101231134545 2
1.991328924493326 2
1.4017985428395046 0
2.1618212222656217 2
1.7666426781463305 2
1.2642341353392048 0
1.8283704733712725 2
1.6361704398149275 2
2.0654259390278176 2
2.1439129816214235 2
1.011761812390527 0
1.6612124523127716 3
1.4476202171101316 0
2.0675185834901355 2
1.2814035921122495 0
1.634461489937281 2
1.8941716290162713 4
1.4716864988997322 0
1.696932597434839 2
1.6222719837010662 2
1.9894189142540784 2
1.6917630515022637 2
1.5067838230321964 2
1.6378162038293111 2
2.0141950548200813 2
1.9034233891639443 2
1.3874876669879181 0
1.9540102692191281 2
1.5324955334817745 0
1.7027480462837952 2
1.7273941020623989 2
1.4339362514098077 0
1.801660246739975 7
2.038033708326755 2
1.687701091573553 2
1.950609846566196 2
1.4291335642330933 0
1.3198845066983729 0
1.8723441656622681 2
1.995263415208028 2
1.6484052639686189 2
2.0072938536755993 4
2.148811446532285 7
1.8900966798314687 2
1.699715443934297 2
1.8240887661223406 2
1.5468481626266735 2
2.039096122713369 2
1.3851970999868213 0
1.9448244045552536 2
1.8780984540318653 4
1.6321119233686645 2
1.5823289259900852 2
1.407501187020646 0
1.2332901854077882 0
2.1557036363761575 2
2.936875247462236 7
1.8051727481325406 2
2.144059503270782 7
1.7768448968427348 2
1.6251651456645126 7
1.9134863074354156 5
1.8473705135458667 5
1.7403041228751648 2
1.7149687987107887 5
2.0406053129309223 2
1.7731238958313336 2
1.296993722577074 0
1.3655642777526793 0
1.3714531099681202 0
1.6981705576992747 2
2.1440213075007124 2
1.584834129035878 2
1.338413123493704 0
1.9724180408090204 2
1.565601133800973 6
1.2712044480586093 0
1.7858629669385242 2
1.6236026061942643 2
2.0372179808036064 2
2.000844594237076 2
1.1852087459704501 0
2.3397385683078946 5
1.6764010012971071 2
1.966514174543977 2
1.9548454511762912 2
2.497537315981164 5
1.7639833055057543 5
1.8055057990151615 2
1.9399388782946558 2
0.8906378955982763 0
0.5726334383552265 0
1.5184149064981858 0
1.7620358316096691 2
1.9746740243903491 2
2.559084292514004 4
1.9101888990151275 2
1.8356049927645643 2
2.062358320735583 2
2.609311422694197 4
1.085154088933519 0
0.7059606684717781 0
1.91373500491966 2
1.324698308840078 2
1.8994103767352133 2
1.1389148120223194 0
1.2434757487926391 0
2.5333222374291084 4
2.6040295998794374 4
1.6542262687521154 3
1.602305433443857 2
2.070553155382515 2
1.390074715128797 2
2.0651961843769087 2
1.0222267343929357 0
1.6624590192438327 2
2.0075895124146013 2
0.961971229085334 0
1.2428966934708663 0
1.7608207822987696 2
1.8375931761868627 2
1.0273108015934072 0
1.564962665554447 2
1.8501159473095372 2
2.1716103421681385 4
1.1570908321774078 0
2.609311422694197 4
1.6090796408777954 2
1.148399089231148 0
1.8184969988100723 4
1.6158265011704984 5
1.9257036097509486 2
1.3277360720737168 0
1.9526483684999332 2
1.8135061986794598 2
1.7999044716280699 5
1.9528544772959329 2
1.9848125963354346 2
1.9993807052218378 2
2.210999439242859 2
1.9896524706932768 2
1.9257667767881528 5
1.035583675118608 0
1.8705449661248779 7
1.8540779612636318 2
2.2075987332854963 2
2.017299432079769 2
1.2058392396547313 0
1.6419751226952952 2
2.0038603280802727 2
1.7174078292460855 2
1.1810650297326934 0
1.9440461948597603 2
1.7356126552293452 2
1.9344831298857186 2
1.6367539109256546 5
1.6753336707720403 2
1.3175681782845134 0
1.9821264661501714 2
1.687846952021379 2
2.078250578297257 2
2.1032899612049105 2
2.0454241890044664 2
1.9235996912215427 2
1.2505350085523383 0
1.8425365659778328 2
1.3094949122529667 0
1.9479467231534873 2
1.7175956897683817 2
1.9133082385344653 2
1.8936082250549942 2
1.7064332993602167 2
1.2063707471713008 2
1.1816578940242972 0
1.7563479826369948 2
1.7461226973824495 2
2.2100406539379787 2
1.978507363235415 2
1.8051560887106093 2
2.1185022925016668 2
1.8850330754621756 2
2.006754738397575 2
0.9361442686913286 0
1.8760271147506082 2
1.8916198099296413 2
1.1782022064130002 0
2.00390211815461 2
1.9247069930235319 2
1.830355953207365 2
1.932761071153514 2
3.1790800445384013 4
1.763005718557106 2
1.1549703411733483 2
1.3877959050001913 0
2.055631688806848 4
1.9431363612244854 2
1.9547057140899826 2
1.6897024055072314 2
2.1148073977383044 2
1.929128727283325 2
1.6917630515022637 2
2.103497832968985 2
1.8959659300045346 7
1.8407054872571909 2
1.9849178180863578 3
1.9395967912206864 3
2.0051199418969676 2
1.9272293597530936 2
1.251765564098347 0
2.202590149606299 2
1.7805831876051574 2
1.1262943583698135 0
1.9992789374703444 2
1.0480317870303082 0
1.9146401183726847 2
1.5623212669735902 2
1.882566842512645 2
1.2684558916743085 0
1.2208311796899438 0
2.1560454885596942 2
2.0053007869775814 2
1.3227109669166168 0
2.106176106805359 2
1.1465567704439665 0
2.061224548784561 2
1.987777798065379 2
1.7193784035181834 2
1.6825067483014993 2
1.172285823284436 0
1.8444133617995495 2
1.7869422243619943 3
1.1787321635308603 0
1.2374138582936551 0
2.115948954987304 2
1.9886785937487683 2
2.0344548457290133 2
1.885447522271281 2
1.4499672311488339 1
1.8884906619963115 2
1.4699429053174118 0
1.8951221816505806 2
1.180720510818159 0
1.1135948283965569 0
1.4815054442193751 1
1.7397540680659098 2
1.1397256571117584 0
1.8252874775676289 2
1.2375190151708586 0
1.8015473481296091 2
1.7201090512047585 2
2.028598273836842 2
1.8507204207650778 2
1.977048870067796 2
1.4070220005478546 0
1.4288733085578933 0
1.1347440245240805 0
0.7091637391924812 0
2.077541037302712 2
2.6820697062509273 5
1.4495740634718264 1
1.6978487819550105 5
1.8319487712248597 2
1.7625681604787518 2
1.9243279191114924 2
0.8680392566829389 0
2.1473185700522492 2
1.599362555388541 2
0.9855956143645664 0
1.07240253620613 0
1.898789788222882 2
0.9665833353422625 0
1.1636702696704084 0
1.1538893696095953 0
1.7829419027820348 2
2.1871302446728422 7
1.94297086382486 2
2.2579213977768853 4
1.938777861755772 4
1.6356646685999214 6
1.3807259893564283 1
1.5272983491688483 2
1.8892723971420373 7
1.1834813780678262 0
1.8548081362863744 7
1.7052371748141124 7
1.658945125918349 4
1.541392529661335 2
1.348276793830973 0
1.6429434093022295 2
2.1119990346139956 4
2.232862296991424 7
1.6800320382224856 7
1.3348388989622757 0
2.26817041214113 5
1.1009845414856585 0
1.8008169500435003 7
1.742435499583352 2
1.8377333963850382 2
1.956385469729759 5
0.955189143624418 0
2.3528278651325256 4
1.2352256190708033 0
1.3798233337992347 0
1.2858219410179788 0
1.1725964045284645 0
1.3242457615066945 2
2.1973810358903036 2
1.5321863280637984 0
1.835784027933557 2
1.2441214099199274 0
2.0796926840539967 5
2.417914181459138 5
1.791943793052693 2
0.7036286232305676 0
2.006303387065413 2
1.8873804291814877 2
1.2468898917132165 0
1.271579836251444 0
1.9046303170390828 5
1.8017920887266659 4
1.3348388989622757 0
1.0983924246229537 0
1.7826636348017368 2
2.223637004046134 2
0.006575294186475622 0
2.031891442546931 2
1.7843696530398774 2
1.071786848667084 0
1.3515748067534188 0
1.8541414423564548 2
1.3307899082087105 0
1.9893906760426718 2
1.818153805715939 2
0.7783799012928388 0
2.3222580340184464 5
1.6116999457798526 2
1.8976912870432414 7
1.9104481819288013 7
1.4059724156400675 0
1.9443507318316906 2
1.3972820069496086 2
1.7989317560576246 2
1.7157953153813605 2
1.901024449374931 2
1.9691660255986552 2
2.609311422694197 4
2.0790431643908285 2
1.4793665752919325 0
1.6041495726180806 2
1.9210828841367809 2
2.0172333691798814 2
2.376763820824234 5
1.1256424712401096 0
2.012024696957012 2
2.427274711895392 2
1.922333382302305 2
1.9878508102263073 2
2.6721648604220896 4
1.9724393463460408 2
1.9343505061721964 2
1.9759542008018247 2
1.1568548124512725 0
1.724067329876568 2
2.3229222567155245 4
1.0599631180905256 0
1.9675310308523173 2
2.045332465163954 2
1.711874044189092 2
1.8921616072414031 2
2.13338618122071 2
1.9683644265916689 2
1.9352599080706638 5
1.4645589980807143 0
1.8543233707586342 2
2.002135307832634 2
1.817929710450813 2
2.0053906122728864 2
1.861008009253802 2
2.0071123014907615 2
2.037968004512787 2
1.9573967466214395 2
1.9884024723685796 2
1.5398121781497538 2
1.8548081362863744 7
1.7206951191548796 3
2.0013388762590787 2
1.7928513873142475 2
1.7401765337455855 2
1.839843963737956 2
1.874616643884718 2
1.1907777044714716 0
2.177495147442893 2
1.9220837691591464 2
2.022076143485479 2
1.9355092008097894 2
2.0212365723021124 2
1.732184181705755 2
1.9746740243903491 2
1.9381983280967026 2
1.9520423197033785 2
1.8329082538570367 2
2.1460368614046224 2
2.134992183306723 2
1.9188144094576332 2
0.9906590898293199 0
1.7893896111555692 2
1.074198578799685 0
1.9598985179338695 2
1.9592877403872482 2
2.052253178476409 2
1.3349373841629277 0
1.1012232331792486 0
1.8970599745856431 2
0.9193030377743752 0
2.30802233257118 4
1.326884870323617 0
2.1108787972571665 2
1.9680683620091786 2
1.9295309872773148 2
1.2678170477350832 0
1.1253153085973593 0
1.4382141860681057 2
2.0577540176818765 2
1.9588149311402003 2
1.8730670947394774 2
0.9735098222721685 0
1.9120853275414906 2
1.4177320848954111 1
1.7446033836186936 2
1.9538891140557362 2
1.923872065334193 2
1.8225349763927998 2
1.8637482493217767 2
1.9191365407134429 2
2.005174218555128 7
0.9375831340608799 0
1.0170599161454 0
1.8266950210089652 2
1.1500237432676776 0
1.081493292271899 0
2.0005173940287335 2
1.0480080134297922 0
2.0382334607831645 2
1.2568011367195517 0
1.0282531142749738 0
2.013386962320286 2
0.9015326083829753 0
1.1114301373739952 0
2.0573145161461444 2
2.051645393737874 2
2.073875621096698 2
2.034751328661775 2
2.0335941727088978 2
2.0274257153525923 2
1.3827698835053128 0
2.1360306043655677 2
1.9194364170880094 2
1.1202773859840893 0
1.9107980528566477 2
1.7520567229685746 2
1.9565135383046302 2
1.5921229231845295 2
1.3679892191971241 2
1.8732318774354213 2
2.0549763995563444 2
1.1691212166629508 0
1.8487426305408183 2
1.7457596984432528 2
1.9051862647567819 2
2.005174218555128 7
1.3402220499016826 0
1.0841017908372625 0
1.4401590454799398 0
1.996282405311695 2
1.4874988090975578 0
1.7677225514155075 2
1.2076276512819575 0
1.760952045152076 2
1.8943573538862497 2
1.2446814384000806 0
1.8511125240481119 2
2.2233678906532623 2
1.7620339997023038 2
1.7041233774337807 2
1.8696343433212275 2
2.009537010338535 2
1.935117428116675 2
2.025095885564589 2
1.319399002556189 0
1.9153182157272286 2
1.3030059132080114 0
2.0383252039500945 2
1.9762926385865243 2
1.2254245185536128 0
2.003169970209627 2
1.4836170787040526 0
1.0709428216959593 0
1.84922488063479 2
1.8572754424409852 2
2.0624425924208576 2
1.5170109178600657 2
1.8739688999157418 2
1.093481713738946 0
1.9231789420182865 2
1.4540636349956197 0
1.9484416973745162 2
2.3411775144472866 2
1.7177048515980964 2
1.7483284631727758 2
1.949985842259964 2
1.3983284403082679 1
2.026919964839319 2
2.0563709204865304 2
1.6334035140576781 2
1.7454426545126975 2
1.984942631304981 2
1.2687445028496034 0
1.1886409890905942 0
2.045958460324259 2
2.0253330356097052 2
1.8510808777849526 2
1.89630741838456 2
1.7160877353557968 2
2.097130519277281 2
1.439951562031436 1
1.8722656203281525 2
1.915061649810607 2
1.787523894003379 2
1.813015542702479 2
2.039008824442936 2
1.4243006429071259 0
1.4009670876269542 0
1.41674261736283 1
1.2037387363128593 1
1.4671495398542909 0
2.0657301298075406 2
2.2918228344642926 2
2.057961797191771 2
1.3129114152217478 0
1.4229284342916868 1
1.7091062381630449 2
0.9701666451180303 0
1.8795992774160561 2
1.767751314350948 2
1.120773200071571 0
1.7023785415559598 2
1.868668316031537 2
2.037918029695203 2
0.8958565761500557 0
0.9300114946140134 0
1.2151735432113082 0
2.0521226617280037 2
1.8881549553468897 2
1.364160436913609 0
1.8797804710574297 4
0.8802448489139586 0
1.0621030259016075 0
1.9587399060407598 2
1.4345980506222014 0
0.9906184399800076 0
1.697301452972165 2
0.9085902644935543 0
1.9581019751368332 2
1.1049960790055042 0
2.042979103796394 2
1.2486768677958802 1
1.8550104282429511 2
0.8392728609181574 0
1.9199878127565086 2
2.0752143787905384 2
1.351435912757085 0
2.0081138368345655 2
1.4996884748408397 1
1.6745632586907166 2
2.06897990366375 2
1.2798884843491316 0
1.202336419600576 0
1.9096896587781353 2
0.9136564492948466 0
1.4356108373681802 1
2.1163557131952206 7
1.4216121759776714 0
2.752391216423298 5
1.6497172181327482 0
1.7513435391141141 1
1.9623580239118796 5
1.7648441873103156 7
1.7145819565747458 7
1.7648600133792318 7
1.8401817754652727 7
1.7162910276754053 2
1.9451394936634134 7
2.0947384673785554 2
1.483766880521948 0
1.978273497750077 2
1.9681352291058238 2
2.088589420756524 2
1.888609706300628 2
1.8911350117579087 2
1.9421395613181165 2
1.9449719959130891 2
2.0303517590704097 2
1.9322184591607519 2
1.9170161379594282 2
1.8934646753749655 2
1.8748068141387662 2
1.9745184170061756 2
1.3060275816581 0
2.0383316659908823 2
2.0421670870273236 2
1.896490180785087 2
2.204359593504032 2
2.01405227726928 2
1.9269047464150932 2
2.080222946017544 2
2.019694782717861 2
1.98994003788532 2
2.0260155138226277 2
1.737606714051397 2
1.3745710638897448 0
1.9721847713575287 2
1.9274628723559313 2
1.995211683145193 2
2.051774317613697 2
1.999137052036908 2
1.8865123081927535 2
2.0823861022120678 2
2.0013551640960863 2
1.2187809873101214 0
1.792907960753056 4
1.780768434166328 7
2.1709665693853006 2
1.9436691638798085 2
1.898898420929987 7
0.9081986617947407 0
0.968093859549275 0
0.9671530522865288 0
1.3497659528496457 0
2.0369926860806746 2
1.8623295678622664 2
2.0096661776517886 2
2.1085972464746536 2
2.1136697003278644 2
1.7965869256940388 2
1.7712323606065499 5
1.865798384240158 2
1.9199132729368467 2
1.9541268235828126 2
1.861636724815906 2
1.7201194069471057 2
1.9050164365954243 2
1.1621319227266529 0
1.3178146812349838 2
1.7390871678737423 2
1.9994164554812546 0
1.0334253841737144 0
1.104259393628678 0
1.8415867799900143 7
1.8044667959522218 7
1.832304513320027 7
1.9799701471441051 2
1.9837832962832427 2
1.9797013695391703 2
1.962227621294809 2
1.7457323223807788 2
1.315148884463904 0
0.889326215623115 0
1.0497050365485239 0
2.330132519311797 4
0.9832619357140578 0
1.4709047666630966 1
1.626118627015498 6
1.737638867921239 2
2.370233253005189 4
2.064678314385371 4
1.868706770142342 7
1.9117701004437324 7
1.7197257398065875 6
2.078430917613602 4
1.5158176268305907 1
1.3971892135244564 0
0.29168733032414584 0
1.3100438556759362 0
1.07378647915605 0
1.2895424526182495 0
1.9096371105444403 2
0.9881227715221992 0
0.8913633564324905 0
1.2973699950204975 0
1.2992807032773415 0
1.1713771499894345 0
0.9447433432260445 0
2.001977560069186 7
1.0682125513377687 0
1.3429845925522175 0
1.4707100017603125 1
2.4865818390260737 5
1.462681361155921 0
0.7882712696750329 0
1.1548593966000618 0
1.3061773129121013 0
2.004679606204043 2
1.8038540061271156 2
2.0267407088354386 2
1.8465520548443062 2
1.090892220272964 0
1.8432244803063058 2
1.9004481638606363 2
2.0106233796899287 2
1.04126482986671 0
1.3403976153382415 0
1.3816009114724708 0
1.3005196181517007 0
1.442744046517468 0
1.4410126377935266 0
1.0509460589543378 0
0.9758227937555982 0
1.5728819942401144 1
1.0537300680833104 0
1.7403381942676022 4
1.0938404571734224 0
1.202321683720135 0
1.1695480440327206 0
1.20138647065038 0
2.115311126758084 2
1.3201188345072925 0
1.8675789611770002 2
2.0370607764162734 2
1.5159915412140421 1
1.5335200303650671 2
1.117715690264255 0
2.0505953398591754 2
0.9513807125596195 0
1.3180129488396393 0
1.4536189236328918 0
0.9210814124690653 0
1.3171362500790225 0
1.9522244921047276 2
1.0167694458681276 0
2.10120296410318 2
2.0047281910669987 2
1.371176279693736 0
1.1679896663456417 0
1.9623273576007716 2
0.8206863053830831 0
1.113672528549208 0
1.5097244485275414 0
0.48649939373222706 0
2.0012015391892595 2
1.2604934945086852 0
1.1422268357247938 0
1.4027648316781376 0
1.5052961490298618 0
1.4409302984477053 0
1.9721580435573731 2
1.2665532537924566 0
1.279124866004578 0
1.7094451946279012 2
1.3109933091639767 0
0.9766312934916365 0
1.2562327320409574 0
0.6509938853425223 0
0.7780194362629113 0
1.1515775293669481 0
2.3528173169048134 5
1.2973933393567139 0
1.762505264386873 5
1.1263136787079309 0
2.0099206347326293 2
0.9668456608749457 0
2.087199779414277 2
1.2978485982340922 1
2.258523756421989 4
1.3571444287705465 0
0.8381358460413878 0
1.4503453021619115 0
1.054581250114019 0
1.3473711438625442 0
1.5137637023968271 1
1.7559230235563599 2
1.370894980283658 0
1.2462237499963862 0
0.9138978219295547 0
1.420524375535991 1
1.155093284846029 0
0.9303968839829416 0
1.2237435033873407 0
1.0873165789048638 0
1.9282055530997402 2
1.8851455288450192 2
0.7649356763110697 0
1.8861314590182794 2
1.0371959704752673 0
1.989867868788099 2
1.9602225016928534 2
1.1198342595656534 0
1.4040818015493377 0
1.8765060018667965 2
1.4163486087490338 0
1.4955081319633856 1
1.417815893299476 1
1.7299413349374826 0
1.1993066319981507 0
1.9108754460069233 2
0.9764955818693329 0
0.9716190959930745 0
1.3639794269064898 0
1.5384071818502087 0
2.052321726912348 2
1.514962494440264 0
0.8115982455036629 0
1.5052613280051463 0
1.1348169553808383 0
1.4876994568173978 0
1.072503009949121 0
1.0688423295413707 0
0.9117385347766068 0
1.5287577194973372 0
1.4872685907368361 0
1.451247295604921 1
1.2908296805160522 0
1.7319357005035507 5
2.234166668577192 4
1.634487003242022 2
1.4429440059649439 1
1.889299601436362 4
2.2072776887496124 2
2.1171287299657524 2
1.4047705907754828 0
1.3612524268509332 0
1.7362492451617895 5
1.553204652910502 2
1.5987253948453033 6
1.3978775077477072 1
1.894170677951342 5
2.8649317130854555 4
2.0901256946081217 4
2.0857168681988947 7
1.469127802954356 0
1.9114277397464279 5
0.8052584806653514 0
0.9777976294279325 0
1.0426667877049591 0
1.1880635145605187 0
1.4004710176819521 1
1.881781989781002 2
1.8707753892490715 2
1.9249937852048151 2
1.0557008536462358 0
1.8991259438215629 2
1.2599901073847757 0
1.8857560921513465 2
1.3262821740011606 0
1.6180498506915029 6
1.7677334616727325 5
1.1668190079709149 0
1.400170463207132 0
1.9897606336581544 2
1.42032725883947 0
3.2831469899011916 4
1.2293968318912287 0
2.0567057808938745 2
0.9787202246900629 0
1.242610412038096 0
1.218090910470928 0
1.2682271066303104 0
1.299171442059257 0
1.9830247595575115 2
1.9463006914087737 5
1.9542516483344585 2
2.1182798525553985 7
1.8888001050055465 2
1.8247379029510715 2
1.3893027986863091 1
1.981582880144134 2
1.5118456352299536 0
1.4526699456877772 0
1.165475184787011 0
1.1421220348660972 0
1.4037615638549477 1
1.8331801936734764 2
1.1633780041538522 0
1.8495008886927384 7
2.36791815986782 4
1.3611051962734322 1
1.4167340473089396 0
2.0365528036207907 2
1.5029816284691548 0
1.3947174266058457 0
1.3404305872956046 0
1.6958097998452826 7
1.5567952217408259 0
2.046618296443873 2
1.9818409769718024 2
0.9956037438758433 0
2.0600527720221726 2
1.6343167627069408 6
1.8964183767654998 2
1.939943010566585 2
1.1202379136413296 0
1.4942634674443385 1
1.3052586582800476 0
1.338166442793903 0
0.8195664247419746 0
0.9934535907174809 0
0.8183521140635324 0
1.4946767801487582 0
1.5823704422297231 6
0.9577117729121543 0
1.1965519308672834 1
1.2612829642699266 0
0.8301225704246312 0
1.2323265396029495 0
1.889456947473418 2
1.9157869102760303 2
1.7258996100304433 2
1.5896968374916958 0
1.7019829379532359 7
1.9856093095299465 2
1.6568380249039651 6
1.8244105048106314 2
1.9533955817928803 2
1.0111110431247567 0
1.777374546035573 7
2.132216750170265 2
2.046013597486348 2
1.9474129219189604 2
1.783067682986815 2
1.078486603904429 0
2.017324037946802 2
1.674386959996441 6
1.4215391166371194 1
1.036072464573377 0
1.1882606538682943 0
0.9671444444288401 0
1.4295397049287075 0
1.9607021983173123 2
1.9152688834939686 2
1.636151298468058 6
1.771527157838948 5
2.297801289541261 4
2.335654497827061 4
1.3465760282566777 0
1.9057727416857673 6
1.8221149675917994 7
1.8636671654150454 0
1.298074484251352 0
1.9365357037942066 2
1.9379711302239846 2
2.716564342016795 4
1.5337591625392133 1
1.9872942501316502 2
2.0156110169554613 2
1.4937370267105246 0
1.7965918151716889 2
1.7564639187165905 7
2.5502549825276137 4
1.4892866783762995 1
1.4710340768598662 0
2.651257294001751 4
2.335654497827061 4
1.6698726841607956 7
1.8446823663310772 2
2.716564342016795 4
1.2479830345866045 0
1.2633220150313045 0
1.5409820926338191 0
1.6325381539027277 0
1.3048361434238425 0
1.4536901458780953 0
1.4226220947151846 0
1.114773959770534 0
1.1983079664429626 0
1.8306817597813827 2
1.2773815814856988 0
1.970707058616156 4
1.397079720107479 0
1.9632530991558153 2
0.9102754719192236 0
1.9853563523477373 2
2.1739804693200298 2
1.5366231748519013 1
1.9332084453886536 2
1.4013427751284944 0
1.0928237532044132 0
1.445409883829526 0
1.8953501013510006 2
1.9559335383481888 2
1.0804495394680917 0
0.5086032711311297 1
1.2800180728593311 0
0.9603763559978816 0
1.3853448696496664 0
1.5895521428346795 0
2.1278375489265606 5
2.2266442412302956 4
1.8235705027038625 5
0.3425864664904168 1
0.8274099536295086 1
1.1917429773432326 0
1.6970366661521985 0
1.41718642044406 0
1.1538489877932319 1
0.9140586702805912 1
0.9663003024127846 1
2.0121340478973386 2
0.8843529754677496 1
2.0340837201411475 2
0.7055874371558769 1
0.6971893520466865 1
0.7995473741968739 1
0.7158754750191774 1
1.9278393713735307 2
1.8161097549749992 2
1.9857538614142034 2
2.0650915881743392 2
2.0555087524565723 2
1.1832953009597862 1
1.360539253821969 0
2.013566658482518 2
1.164176989713793 1
1.2584770521922972 1
0.8472499353237741 1
1.081933259583019 1
0.6040260320520678 1
1.2695991377997244 0
1.1667263531335899 1
1.1614764297586424 1
1.9863410639116845 2
1.1516236572301224 1
1.4232612003005827 1
1.2869710614643144 0
1.6673207392230898 2
1.1713304978679404 0
0.5998092731439377 1
1.2141374537934038 1
1.1876507410285337 1
1.1532594210896778 0
1.9796856684789552 2
0.3762785726578337 1
2.0052562241773955 2
2.0677986327764106 2
1.9807234769855135 2
1.842929893617842 7
1.171953325282654 1
1.236041182789768 0
1.6264216388304777 6
0.4935527806281228 0
0.9283942428001422 0
1.1066630550207333 0
0.9388533914443549 0
1.6279092247978866 6
1.5664959577862667 7
1.8759521619238946 2
1.9703258825533894 2
1.2746308919200657 0
1.1404408731681854 0
1.0370116806177583 0
2.091797612605889 4
1.2631840878684286 0
1.4108337095957484 0
1.2134802967951037 0
1.4812671093762426 0
1.5004339037131043 0
1.8819670995329563 2
1.8599091147824434 2
1.2357814110648784 0
1.5069919772149474 0
1.2290573945004084 0
1.3096053192866002 0
0.6112405380317452 0
0.802451195121537 0
1.9233900693361787 7
2.0227566562373576 2
1.5202422399495192 0
1.9661843492241746 2
2.346456445448003 4
2.2446594416876477 4
1.9224174321389573 2
1.8330647953570254 7
1.5391114397482504 0
2.25532083600728 7
1.6971794410706538 2
1.4890737091502935 0
1.2764252700783005 0
1.8180782898653307 2
1.9767196053150904 7
1.4889603865674266 1
1.6212928009789107 6
1.5509324488967924 0
1.5986679653165368 6
1.6800431555421906 6
1.3408883314002567 0
0.8444880268851512 0
2.5955016984423187 4
1.5761163023487712 6
1.33422589305207 0
1.5267429426174053 1
1.2555883322507104 0
0.7172114065202888 0
1.9029244847487017 2
1.3044372317768789 0
1.4229222251918183 0
2.0989856472747466 7
1.903810847093874 4
1.9456064707562752 2
1.9456064707562752 2
1.3657826357745144 2
1.926330515402317 2
1.4950071030347936 0
0.9967182023402196 0
0.7613139555968306 1
1.9208242168223038 4
1.2137571750289646 1
1.640585085452821 6
1.1315826963088753 0
1.4222385949212157 0
1.5785086866250704 6
0.6730850503476125 0
1.3981120967142806 0
1.9598990786278236 2
1.5882477196566807 0
1.1508588983270014 0
1.2899093324454138 0
1.6086047163924042 0
1.9650663787243992 2
1.0249045215517898 0
1.4325908008826147 0
1.7784496765556335 7
1.160930035328712 0
0.36912620812040053 0
1.156901968088768 0
1.504608614619428 1
1.189761661218637 0
1.5295246871337205 0
1.387820270786189 1
2.0683868444677533 7
1.1759244218267388 0
1.8212982535518274 2
1.4598350379043135 0
1.976331101604851 2
1.2462244034701029 0
1.204706822241147 0
0.5777480306928942 0
1.304733427214808 0
1.0014264444235508 0
0.8785641229046337 0
1.0780713126101302 0
1.1341062193947125 0
1.0982017161824564 0
0.3493423590226854 0
1.621311251236061 0
1.970302233709819 2
1.1837372551592935 0
0.8146237827230163 0
1.1900542683376405 0
1.960354617853317 2
0.6669189552109083 0
2.0353599648882557 0
1.8440311872568063 2
1.9355248711809476 2
1.985778404847278 7
1.4583032776525897 0
1.1299349057397277 0
1.4042391684440472 0
0.9168631121895986 0
1.186871015957349 0
1.4803750503589814 0
1.1959823866352515 0
1.3242994779123063 0
1.8407902563640526 2
1.4099819486389609 0
1.593419163261963 0
1.7622190947463345 5
1.2826378430508598 0
1.3596813459992876 0
2.0766217716808284 2
1.9298042736516976 2
1.4634138090610413 0
1.9037505042724279 2
1.1610068034822938 0
1.5354447945646454 0
1.7105604118760134 7
0.8354851599679712 0
1.9997213397210398 2
0.9813799919854778 0
1.0673448691633265 0
0.9696756101148528 0
2.149797623115925 2
0.8437141397253786 0
1.1802118051402848 0
1.9320894034293912 2
0.6374322360086492 0
1.1392610475868048 0
1.2251559820390898 0
1.9860622938669688 2
0.8817518471924954 0
1.3023714050387918 0
1.9899482629349319 2
2.0719322767294277 2
0.7227905876103664 0
1.7659255135013479 4
2.852938317488756 4
1.6433499732269592 5
1.5940087036782078 6
1.4410786807387173 1
1.5248452941639046 1
1.5346808706665491 0
1.370057663589962 1
1.3627945404337203 1
1.1562578744541312 0
1.4378411089205991 1
1.3163981293653808 0
2.1070559039546146 4
2.062197042463714 4
1.8203774761154061 2
1.955731198429364 4
1.7998627451434346 7
3.100393738090078 4
1.7491302978516512 7
2.9696585722339917 4
1.5741957753812696 1
1.8710187369602806 4
1.532549606942365 1
1.4542148397692154 1
1.8663735396198327 2
1.7567425320909218 2
3.16936055252906 7
1.9231487055773613 2
0.9119808370483422 0
1.2668018153749412 0
1.2729142394156931 0
1.9183314149671908 2
1.9005048575940404 2
2.1198080855330055 2
1.3075883879922012 0
2.0149683355681516 2
1.93619727223266 2
1.0872234192844643 0
1.773764313364479 2
1.9918621375871057 2
1.4241300951924687 0
1.9283094126680531 2
2.042094967991939 2
1.7614576653311504 7
1.2503740480075085 0
0.96343755965303 0
2.0535590425993187 2
1.7966240861845548 2
1.0707634393122194 0
1.3839898702946358 0
2.121923670429 2
1.2762386136667911 0
1.2491947065117186 0
0.868296943971576 0
1.3951059999069022 0
1.1133383012938851 0
1.2084256248042582 0
1.2350358752994852 0
1.930396620346756 2
0.9289132065573473 0
1.88659634603408 2
0.9822382157846838 0
1.7930258089704119 2
1.1039560750460682 0
0.9065939082949641 0
2.357763868612036 2
1.5123814036760763 0
1.3814456770143475 0
1.2703442248941355 0
1.343277644616006 0
1.4265545336723706 0
1.043812766465952 0
2.100512729721739 2
1.4435480117564432 0
1.9889534554867943 2
1.4043653002497278 0
1.1133925835873812 0
1.2679691818022671 0
1.2531850073436643 0
1.8364179060475179 2
1.4177211127920017 0
0.962405751328112 0
1.4637420775561252 0
1.489861178859081 0
1.2760066017160718 0
1.4002205666620224 0
1.7229985990367587 4
1.1692840639338282 0
2.0726337296933006 2
2.001300852199396 2
2.0512431690385373 2
1.7958095707151545 2
0.727056710428288 0
1.2476174106587459 0
2.044016488337313 2
1.0592914642355036 0
1.8670648319565724 2
1.9058220545605726 2
1.1350381702878436 0
1.0226528343961638 0
1.5648799799367827 0
1.0578137365844642 0
1.5046211998622068 0
1.5008594450614134 1
1.2182451710107518 0
1.0974437825198051 0
1.2841351241665446 0
1.4755982652024007 1
1.9766600287635319 2
2.02273899569186 2
0.9487870410508709 0
0.8131602301975097 0
2.0549145975145855 2
1.260545226344704 0
1.8632344771182956 2
1.3938957006048067 0
1.4781595226213926 0
0.5754772700541968 0
0.9697602366389908 0
0.77344817492763 0
1.5431903425878912 6
1.9350569414053334 2
1.4108513137684153 0
1.3270102847686516 0
1.2477615095176926 0
0.42709337151154525 0
1.3654049063805636 0
1.291744356158169 0
1.051470145851976 0
1.3417261330831716 0
2.0699579293067862 2
1.1941528057697184 0
1.272697376101226 1
1.3607694580240646 0
1.8121140727148553 2
1.3358148558162726 0
0.8546230312999774 0
1.286149250378595 0
1.4064852841207995 0
1.6262989734456939 0
1.5010448058985506 0
2.1090699420351875 2
1.1212799492878123 0
1.0066928531805006 0
0.8058990019028953 0
1.5261490445515293 3
1.4480591320320935 0
2.080116820419027 2
1.5185930449289242 0
1.1798349014227536 0
2.0343231174095466 2
1.2061793973211992 0
1.1514742490431729 0
1.1776775722284119 0
1.6466535866120617 5
1.4772101508278073 5
1.678326225109879 5
1.420502585143139 1
1.6677173734929398 5
1.4162829841318452 1
1.6744864411106202 5
1.859492786713241 5
1.79622864255729 5
1.7734525550792606 4
2.2667276675017387 4
1.5350995947776045 6
1.187862827175433 0
1.3746668869690457 0
1.9336936649686374 4
1.5579467876313622 0
1.8767193803522204 4
1.8641243899354136 5
1.7292386036404546 5
1.7862750096934212 5
2.1582291929611546 5
2.7025554716201126 5
1.6416962801858581 5
1.6841245220290137 5
1.78914126972763 5
1.5107575245277327 1
1.422645086570885 1
1.9143287483334916 2
1.8994841475895772 2
0.9142770103623299 0
1.8783317457321278 2
1.9012190882347006 2
1.9108170809974367 2
1.9932674186660249 2
1.7022073152484778 2
1.8986724187280997 2
1.0216702462118454 0
1.9689385648901987 2
2.045705583020209 2
1.4477851029751523 0
3.232835514733104 4
1.914501106544709 2
3.145678889072556 4
2.1397725632889326 4
1.940465642393121 2
2.0536572149143346 2
2.0562715897113897 2
1.758821196284605 2
1.6612249335305624 2
1.7851049245857604 2
1.9995514000983095 2
1.9755335885964371 2
1.9665692009802607 2
1.9144151534865093 2
1.9007862043092896 2
1.9714703044655855 2
0.794601053985949 0
1.7533034449336442 2
1.8890069601861785 2
1.9838137392714035 2
1.344189556493837 0
1.9401677933521495 2
2.0019822312923665 2
1.935462887113487 2
1.3628344087679096 0
1.8523074404884858 2
1.9218956860818257 2
1.948703337761452 2
1.9524476925705403 2
1.8331903063259016 2
1.6658093292326288 2
1.9704898934579038 2
2.032561245062018 2
1.9429691614926896 2
1.9695201771483024 2
1.8649924830142355 2
1.9374469703205195 2
1.8229495068276524 2
1.972854486560992 2
2.1849919242182456 2
1.9046958138673928 2
1.7281322567135466 2
1.7722586146355317 5
1.7103021591891991 6
1.907433049579674 4
3.03518344793382 4
1.8634863827871513 2
1.9813326543306777 2
1.5178048115283305 1
1.9615451097174774 2
2.126140260837039 2
3.0453075127654743 4
2.0043565422612817 2
1.8612951858004088 2
1.9968208655706814 2
1.7791450086577032 2
1.7494523719196575 2
1.5336099067676618 0
0.9311729826846867 0
1.9273269238366912 2
1.60320053927911 2
1.935462887113487 2
1.8688571594311885 2
0.0965090935087769 0
1.8939159761862978 2
1.9615451097174774 2
1.8825741191820977 2
1.1901544411723226 0
1.915337639269337 2
1.9998821121652202 2
1.1670568921695452 0
1.8767981103209028 2
0.9460533503981007 0
1.7713832114362493 2
1.738899196101148 2
1.9239181354069206 2
2.0439173230700574 2
1.9376786365854362 2
1.9030823494520794 2
2.619528982010081 5
1.5660030702192733 5
1.306340221844576 0
1.9230069526550682 2
2.005722295528553 2
1.9073884114896005 2
1.8762231336518802 2
1.7363868500104949 2
1.776307659731513 2
1.8214947082735453 2
1.9747544030697428 2
2.0465492576525035 2
1.903853241382869 2
1.8172680510697674 2
1.8767150898727272 2
1.977606039894031 2
1.8831060467108334 2
2.2528411946805145 5
1.8924916777261285 2
0.9584242620795151 0
1.9469110308018993 2
1.7788273469979021 2
1.898057439064496 2
1.9484059774879945 2
1.7165166709870983 2
1.732680548504172 2
1.9242517938517993 2
1.9107027745146978 2
1.7805710050320378 2
1.9392215281394363 2
1.2305427302662848 0
1.2440492752158467 0
2.0227434062120797 2
1.954292090020699 2
2.101046171850315 2
1.8176994180274157 4
1.7123643323502384 2
1.9801475536422106 2
1.9122140635772993 2
1.886555285182593 2
1.1146028776843249 1
2.048002279030161 2
1.3532864852674353 2
1.9907985858165034 2
1.8373499668797189 0
2.078362084137883 2
1.9722591795873134 2
1.9016687583767895 2
1.683418611947235 6
1.8426897004533707 2
1.8908598576880686 2
1.9930475038189694 2
1.8473123845934671 2
2.0004497255340765 2
0.8683240188092944 0
1.1873792343352723 1
1.8879425722587466 2
1.3472453514281122 0
1.9760464774549307 2
1.6087352795467285 7
1.9733214465963864 2
2.002969789893104 2
2.035537486326744 2
1.4500064197967149 1
2.1044871409232524 2
1.9417374442962607 2
1.9626430981062382 2
1.3093371902615438 0
1.954885532135461 2
1.2870036130267322 0
1.8098799234149308 2
1.7707685194816016 2
1.8675652916261862 2
1.656603864621197 5
1.9242158015155597 2
2.0562905223383656 2
2.058603299585904 2
1.9901156620550102 2
1.9391355905445293 2
1.892775778543917 2
1.921234398225958 2
1.8256996166223112 2
2.0320785463248106 2
1.2219835900737877 0
1.9680028589685752 2
1.939138173974618 2
1.8004403511623204 2
1.8947596314353414 4
1.7445042940346134 2
1.9393735819975455 2
1.9652126928869302 2
1.7297896133865445 2
1.9797000983466404 2
1.2018193308304794 0
1.8491410948496796 2
1.9926247648934823 2
1.9269151387627719 2
1.9766923419381084 2
1.9065196007196652 2
2.0288002316160214 2
2.0450687957205997 2
1.998282808753946 2
1.98866724810849 2
1.2995149218819235 0
1.9865756005273143 2
1.9012190882347006 2
2.0265927118603826 2
1.9144473335108425 2
1.892979231142025 2
1.9277969960047774 2
2.0812889141756163 2
0.9101929212106609 0
1.6860308957720993 6
1.8903974162023003 2
2.0183475966204885 2
1.543363934542487 1
1.9304527113994174 2
2.06052614260771 2
1.7016086261499184 2
1.3101821110209093 0
1.9218718982304182 2
1.9210796176287877 2
2.0052302851217974 2
1.8953586917223726 2
1.7449744194602637 2
1.454022193355116 1
1.6722047537957694 2
1.9361358463860583 2
2.0139393078641166 2
2.0594837068643144 2
2.049491771445891 2
1.4833513140978463 1
1.308015326387663 0
2.0298921076929295 2
1.7141504534937055 2
1.8192281144546953 2
1.848707754656971 2
2.0103115518101298 2
1.9273812620392656 2
1.3282914392195195 0
1.8732423745038342 2
1.963463050965377 7
1.836045472041142 2
1.289048702644587 1
1.372034711990987 0
1.8338779762283375 2
1.2653397904513564 0
1.951461688962073 2
1.649712998201499 2
1.283053729528259 1
1.9144393389183827 2
1.868220620886461 2
1.8961408873609238 2
1.5854916520614544 6
1.1824760266973033 1
1.5205388792076682 0
1.7458269661711312 2
1.2287087355304545 0
1.873504512079996 2
1.9823536776098303 2
1.423764586906219 0
2.0274618850400072 2
2.002349103518323 2
1.7776898076290168 2
0.9524102231370764 0
0.6562185928251631 0
1.9493958867733803 7
2.0973713811006003 4
1.211799897587365 0
2.030513543945917 2
2.0459765647404717 2
1.9852724718772397 4
1.9721199208509477 2
1.988368914416117 2
1.2909517566906437 2
0.8336620264838147 0
1.8903968017221386 2
1.4563767125903542 1
2.0452442043380725 2
1.9512380854247304 2
1.8177575428295216 7
1.866542086240907 2
0.9865178090468821 0
1.8901022845359692 2
2.014710132790542 2
1.7006875075122172 5
0.9864356861908982 0
1.843120618342267 2
2.0183475966204885 2
1.7465823394756168 2
1.9064841589711112 2
1.968068683491126 2
1.894694050077697 2
1.6907908490506776 2
1.3018656505850312 0
1.956563971578492 2
2.0403339097116318 2
1.9278240362586936 2
2.0827506927353565 2
2.057781257090302 2
1.3318269380401957 0
1.9754905665955504 2
1.6651201040243944 2
1.8587240377475982 7
2.0435567078652292 2
1.5722928012844948 0
1.1529694019607157 0
1.9823369060052476 2
1.8198101305137344 2
2.029840953473387 2
1.4797654518440457 0
1.7204461781587983 5
1.9439119804117249 7
1.4016092415802457 1
1.5699127768908865 1
1.8277821979392574 2
1.897601542866167 2
1.8872837024862876 2
1.3997747810761982 0
1.8180342972084003 2
1.7635447662082047 5
1.7567486746509968 2
1.9534127590504498 2
1.1967424370775803 0
2.0259441994701874 2
0.8179131335938019 0
1.5854836705888422 6
1.973354225756844 2
0.993858624626981 0
1.8071495443600523 5
1.5995315521825832 1
1.9003618305456995 2
1.9031889272702918 2
2.020063476357737 2
1.0383540169158854 0
1.7575667251912883 2
1.222384820209029 1
1.8069290068674662 2
1.1037547870387159 0
1.697131680745887 5
1.7157039669474303 5
2.047670436808295 2
1.9704993876797576 2
1.7517870542143168 2
1.7954503927877619 2
2.154723799750151 2
1.205851170325253 1
2.0425742524671153 2
1.958600385938346 2
1.6330595572215558 5
1.7517870542143168 2
0.6419768806190878 1
0.8792807915075381 0
1.4764701270596248 0
2.0375797043899495 2
1.9073430632085955 5
1.9655247936187608 2
1.694413087035964 2
1.9073430632085955 5
1.5527148529640313 1
2.1802601473963747 2
2.0472503123519976 2
1.9251333148746137 2
1.7854469906974246 2
1.7841096099844842 2
1.9101248627744505 2
1.9338147054778774 2
1.7712307678841648 2
1.3416818207656436 0
1.7469114484256467 2
1.978785198457412 2
1.9878515304943214 2
1.7591747339748982 7
1.0203183458866345 0
0.7414262455880831 0
0.7258951194504014 0
1.109771790895941 0
2.0513649518145134 2
1.9569655662476904 2
1.6862256932562727 2
1.675132549974362 2
1.3650176250909951 1
1.456896075966752 0
1.8869080843970756 2
1.7434032755221949 5
1.6334585357412734 2
1.4968233366556662 0
1.6382746835871036 7
1.8690548655015797 2
2.001139542181444 2
1.766726752092821 2
1.9262318121967612 2
2.018380709568514 2
1.1123997042264708 0
1.2805600859695476 0
1.0431512392801354 0
2.0299793638317314 2
1.8999106233053829 2
2.0197580600654303 2
1.256372439444876 0
1.763279130432752 2
1.9685640330631764 2
1.078167177383695 0
1.5402728910416377 0
1.973694150086025 2
1.9039798261809204 2
1.5023622748206067 1
0.9192420905480618 0
1.2817864517042623 0
0.869084377604698 0
1.1862942525897702 0
1.3780193243267973 0
1.101307544221424 1
0.8832605460743147 0
1.0964491916249333 0
1.4371073343800105 1
1.8041107465483328 2
1.1926990246143967 0
1.9043567979609133 2
1.4998363041322615 0
0.8372504758833157 0
1.878280957158669 2
1.1215172981309403 0
2.122797520018925 2
1.8632587405087566 2
1.941652198990497 2
1.9318955399393185 2
2.045752562558701 2
1.9095338007697356 2
1.6985955275488047 2
2.0219622868933116 2
1.8741943440606614 2
1.7060051087157382 5
1.792270267423484 3
2.109931791813111 4
1.6435728310303626 5
1.4252926795547087 0
1.5488261631984848 1
2.0105305582360233 2
0.7943017538839358 0
1.265368165899858 0
2.0752945523553956 2
1.744090963883254 2
1.7491472449220966 5
1.1856752780457116 0
1.809448562430488 2
1.14546460658488 0
1.7884135058068105 2
1.7544617990097515 2
2.0162356417464635 5
1.7510715829369055 5
2.004152668029035 2
1.7351573721689972 2
1.9749586573125484 2
2.2410495888680932 3
2.0152447426285494 2
1.7483644623051104 2
1.9024865391547297 2
1.9839520135428208 2
2.070720378077929 2
1.994019801183081 2
1.9296436058106758 2
1.9150886645324312 7
1.9835087806859635 2
1.9376873247804174 2
1.8735191695655269 2
1.9409224500417035 2
1.7603388330838776 2
1.9794642231269928 2
1.9792270248825248 2
1.938828328885467 2
1.4622922529513946 1
1.680704749823732 2
1.487001017792316 0
1.775094172734023 5
1.896651530466266 2
1.537039530578117 2
1.8949476044092792 2
1.7647194227421028 2
1.675462629920558 2
1.5693350304935376 0
1.7323633308237947 2
1.6663601422720473 2
1.9964480495388757 2
2.04182186175469 2
2.0111676008851287 2
2.1002395774793454 2
2.082650417868746 2
2.1456359564645004 2
1.9328891924320353 2
1.9614339402936984 2
1.027558487246493 0
1.6820442014176153 0
2.076646256827415 2
1.7379100083235512 2
2.0518562562528104 2
1.9740878653927008 2
1.9374015227488781 2
1.9675340393194602 2
1.9358049559028236 2
1.9662325092647366 2
1.8198904569244705 2
1.9318599018887506 2
1.351416814333575 0
1.917232143700474 2
1.1768112209760508 0
1.7473772612519571 2
2.0637149450189542 2
1.791478978164752 2
1.7987195748702838 2
1.7808599216422671 2
1.4975947057349466 0
1.909661493916372 2
1.960763818524126 2
1.77728885380345 2
2.0767082201864837 2
1.1647531818776524 1
1.9996788278761928 2
1.9166894672381394 2
1.2258896509845836 1
1.9251608730570926 2
1.8355302918417515 5
1.042692779386838 0
1.912027769418922 2
1.287974728058284 0
1.9953851399441525 2
1.9575071767934027 4
2.036503937606619 2
1.1122413494495185 0
1.4556929244790198 0
1.3597996812066264 0
1.747846191811366 2
1.637083828863481 0
1.727737500068055 2
1.8189613992557505 2
1.145043412809776 0
1.8248078250760327 2
1.7149533293376562 5
1.2948141308257297 0
1.8484330080489337 2
1.9261783527417327 2
1.0730485868014803 0
1.1094845997224612 0
1.907393839722202 2
1.7416036558509942 5
1.9475465780313523 2
1.973097902826262 2
1.8784200218830407 2
2.9274156821299706 4
1.387564627366574 0
1.9140601968328639 2
1.9996647475448124 2
1.8517047083805738 5
1.8564423568703503 4
1.9827957489825296 5
1.9980319052860605 2
1.7515318383528473 2
1.9272554509469262 2
1.9967321806023532 2
1.9613140236393198 2
1.163471568354126 0
1.5054953528320594 0
1.8918978999692528 2
1.8898119306615064 2
1.8395809545454005 2
1.2021415109972842 1
1.5614193905736526 1
1.5233851817270094 6
1.9754497013721473 2
1.8536137951994665 2
1.334326083851534 0
0.9878567065125962 0
1.8567047195862036 2
1.06175673963833 1
1.4885032275639403 0
1.8940544918079094 2
1.787607917193503 2
1.1218237942330624 0
1.791527686727159 2
1.7266366466401644 7
0.8257286696882148 0
1.5054953528320594 0
1.2921528392898487 0
1.9283687073501838 2
1.0518819014961884 0
2.0164183138961067 2
1.9627131443632755 2
1.1877565648067572 0
1.1662316962007977 0
0.8126169106065928 0
1.7535615982467854 2
1.958895414586992 2
1.9468126825938146 2
2.0346936464747722 2
2.0638725079819813 2
1.2368940738671879 0
-0.5726534517442559 0
1.078581282894902 0
0.7790810389339318 0
1.639122464513839 2
1.7522192669569934 2
1.6991559055117846 2
2.0641454599740507 2
1.9343698466529324 2
1.3307704286181519 0
2.0211603015025745 2
1.9618617627490027 2
2.046349334158079 2
1.9409551079188803 2
1.9778822783202146 2
1.2203591465185182 0
2.066516763978023 2
1.8680803118054758 2
1.241201530190417 0
1.1354224265738715 1
1.2938263235881726 0
1.2812007236400478 0
1.8839750109938167 2
1.837148323377339 5
0.28162522887531183 0
1.9607713594732485 2
2.0983483363609894 2
1.2766578915383546 1
1.9749460067072961 2
1.9203408731842333 2
1.9524270273108542 2
1.4805592246842694 6
1.5515522963652433 1
1.5904674899293956 0
1.7197306210414143 5
1.579980957099654 6
1.7221171153852088 5
1.6025026885235483 6
1.3225564387416582 0
1.8526890577143453 5
1.4927427001847682 1
1.3666259096095947 0
1.6311191009295654 2
1.6699905315435428 2
1.5165723956597406 0
1.7197306210414143 5
2.1658638046864693 7
1.42722158267964 1
1.1259625049596265 0
1.7558400734741173 6
