1.9747175357016273 7
1.9211094804702677 3
1.889805529047091 6
1.881686932766014 0
1.8843596193675125 2
1.8898272596617782 2
1.8781392496064584 0
1.8791365887657878 2
1.8829020820167395 2
1.8873551922835454 2
1.8877290617512446 2
1.9721504771514082 7
1.8536598879286585 0
1.8770990861040238 2
1.8473250724473902 0
1.8907556326196893 2
1.972197795699512 7
1.8484621366309486 0
1.8835399280843648 0
1.875784455347489 2
1.9721504771514082 7
1.8537549664403052 0
1.8831863836107983 2
1.891570215091631 2
1.8449788885711802 0
1.9239340051931528 2
1.9002263797239565 2
1.880963443174039 0
1.8786871740794988 0
1.8471661149183363 0
1.9485701354624163 2
1.8897668601748425 6
1.9197712288030373 2
1.8867320237333098 6
1.952451704966318 2
1.9230215388000167 2
1.9198205684944953 2
1.9213659627131712 2
1.894122294018031 2
1.9257553659927877 2
1.9338099713742885 2
1.9301950336699 2
1.948713740458654 2
1.8940344659956572 2
1.8824892080724471 0
1.9488235257461537 2
1.8731213406195792 0
1.9392980704797473 2
1.8892335056135414 2
1.947864295221349 2
1.9019385085205591 5
1.8941967957714283 2
1.947720695378743 2
1.9639854147219196 2
1.9368497368744175 2
1.8780278308960472 0
1.8867864066801492 2
1.877228321865939 0
1.8851327859778189 2
1.8868227260589638 2
1.8901795742907788 2
1.89972688926603 2
1.919739515964184 2
1.884496160427203 2
1.9235066514371053 2
1.8829572343617182 0
1.9295327445553891 2
1.9197711087947407 2
1.9607774656107269 2
1.8796432201699977 2
1.8817659861680482 0
1.90002251784791 2
1.850699687349246 0
1.935945706835283 2
1.890619821881623 5
1.9350854392140282 4
1.8772412180152787 0
1.9477318153913001 2
1.885129767200252 2
1.9607122886635484 2
1.8800036843048986 0
1.8801871650989588 0
1.9267654020156242 2
1.9626542937485316 2
1.932425089022767 2
1.8833289000126103 0
1.919676183222495 2
1.9193299092818479 2
1.899824324481265 2
1.8997006163742203 2
1.9513556784565536 2
1.8997569288168585 2
1.9296855310335506 2
1.8659553602654921 0
1.8838046186777904 4
1.8878839467942097 2
1.9619626360553766 2
1.8842661985786933 4
1.8929982718703637 2
1.9477492403490715 2
1.8819046322775999 2
1.947718864346668 2
1.8882067448537896 2
1.878123662205146 0
1.9005922518343223 2
1.8805812926001189 0
1.8856454221999526 2
1.8907922119857512 2
1.847624133634111 0
1.8813194368103423 0
1.948713748363371 2
1.8754871956445187 0
1.9584102059962716 2
1.968813428246548 2
1.882776648569255 0
1.957985882862055 2
1.911796067306467 2
1.9670155420510422 2
1.8820637064773822 0
1.8629527284072025 0
1.947666933658337 2
1.9114620438871741 2
1.9732786463732586 7
1.8813584280508844 0
1.8933275725102388 2
1.8765665224437238 0
1.8888825054152978 2
1.970474777954332 7
1.885987097091877 2
1.9580286813517016 2
1.9487137657354683 2
1.9194817268571291 2
1.9238568488730508 2
1.968792080271743 2
1.9435939875341481 2
1.8938909240730843 2
1.8927409610561334 2
1.9358019448508859 2
1.7474000205259883 1
1.875109812621414 0
1.9662111631586965 2
1.9323593584726189 2
1.9360724067173978 2
1.8514546669549055 0
1.9761685311149542 2
1.892645273843947 2
1.8486078915419286 0
1.9268051958836112 2
1.88369641668692 2
1.9718807157889913 7
1.9287066188008863 2
1.893596204738994 2
1.7473796408092368 1
1.979272906170238 2
1.8843596512197474 5
1.8468961679847227 0
1.8951233688738103 2
1.9196765365239632 2
1.7344873212323197 1
1.9370468276631199 2
1.883038410338381 2
1.8848585293747024 5
1.8829736539172262 0
1.897555377271084 2
1.9240549148962491 2
1.9322342807962818 2
1.9197600169127158 2
1.9257917581600208 2
1.8872781651112984 2
1.8466612644590947 0
1.8853239390767766 2
1.8936985221352003 2
1.881819441607515 0
1.897681888200485 2
1.886819423188696 2
1.8486373813705184 0
1.9115284734253437 2
1.8879862810261578 2
1.929501822383843 2
1.9358059441329811 2
1.8828920541696947 0
1.9226895605068117 3
1.882153938421417 0
1.9631721931180734 2
1.8823321571432072 0
1.885293289290624 2
1.9078695630984368 4
1.883092215500653 0
1.9227723243893478 2
1.8879797262910236 2
1.9581772383196367 2
1.9195010601833444 2
1.8790124331388054 2
1.8903339579955958 2
1.94407966914039 2
1.9477078821915312 2
1.8724082535522981 0
1.911796233554021 2
1.8833555552577343 0
1.886709396398816 2
1.9308589143444987 2
1.8488310100925265 0
1.9719979896844568 7
1.9479087731896474 2
1.9213571184072151 2
1.9304199299255365 2
1.87863078632618 0
1.8771549046971356 0
1.8840070523611105 2
1.8990437109298102 2
1.8812198064039927 2
1.9544819733023695 4
1.966919505874784 7
1.8955574016166845 2
1.8863596033553087 2
1.896885203493645 2
1.8834237618890421 2
1.9009086981728935 2
1.8507841763139885 0
1.9042303176366282 2
1.9035261218228738 4
1.8871045615847861 2
1.8789447722596657 2
1.8503890447124802 0
1.877474630675383 0
1.8996324500115265 2
1.9682080371249968 7
1.8997457726685318 2
1.9685386449324203 7
1.8922387562323444 2
1.9718354186228122 7
1.8894231478063224 5
1.9027313301681195 5
1.8853490291007038 2
1.8947643356488875 5
1.8933311008661204 2
1.9580733550061473 2
1.855204091618392 0
1.880043293644621 0
1.848349155706814 0
1.9343493914333636 2
1.9595705219542319 2
1.8849379546989824 2
1.878119129918142 0
1.9241279161516003 2
1.8838325293326355 6
1.8833042389827466 0
1.9316404376065763 2
1.8870508696145005 2
1.9477555987554052 2
1.9454682943163126 2
1.8404050043976494 0
1.890074878718364 5
1.8918892010483954 2
1.9324887643912334 2
1.9392539790159686 2
1.890565909705058 5
1.8862592670120866 5
1.89044427500064 2
1.9197712288030373 2
1.878084694474725 0
1.8801487892125792 0
1.8792074358304003 0
1.8939571176887209 2
1.9267594780308663 2
1.9360150764793345 4
1.8857676899382458 2
1.9362684125133802 2
1.930236908753706 2
1.9513316336251993 4
1.8495011068680274 0
1.837066749150705 0
1.919771504391233 2
1.8838136480584935 2
1.923021814388212 2
1.8505854533519663 0
1.8718341697721945 0
1.9419434611141844 4
1.9416109071286893 4
1.9215761400478724 3
1.8846171669463054 2
1.8868315219934588 2
1.8790302321904606 2
1.9515830942941168 2
1.8461472920726145 0
1.8897373846461316 2
1.9515015547559746 2
1.8539057605232376 0
1.8485704774683247 0
1.9232467286558135 2
1.8906336213369928 2
1.8490162330828896 0
1.9272802679578183 2
1.890305440925811 2
1.9009657640861788 4
1.8452945860518506 0
1.9513316336251993 4
1.9082508023442188 2
1.8813629247512156 0
1.9545836919608266 4
1.8914684297790907 5
1.9230227714550627 2
1.883790650491269 0
1.9337033692729932 2
1.884753924939228 2
1.8939088978016998 5
1.8933418535283328 2
1.9478066669598182 2
1.8973867723133253 2
1.8868090758813778 2
1.896156851964522 2
1.9037173446159654 5
1.8825409889937175 0
1.9685390260828708 7
1.9605796420094903 2
1.9630408566396507 2
1.9477820210341066 2
1.8534652079162952 0
1.9255483535178985 2
1.95226851682902 2
1.919534147142207 2
1.8480937464276557 0
1.8932478164276014 2
1.8884470990094615 2
1.9361803312024477 2
1.8846951567931522 5
1.9194836619790787 2
1.8767063952694014 0
1.89341814218642 2
1.8893614034932456 2
1.9766295792789617 2
1.9359457766129982 2
1.8935096723840137 2
1.9038514697505604 2
1.8444187162873937 0
1.9235292698160482 2
1.8766425131324493 0
1.9477106130877666 2
1.919505350970973 2
1.9343261081075278 2
1.9301081794960506 2
1.9193349233944095 2
1.88405752363188 2
1.8814653337022922 0
1.8836754355390077 2
1.9309491246325678 2
1.9324952826901935 2
1.89323563841423 2
1.8925991124212147 2
1.9580360941978086 2
1.9379934052321408 2
1.9477694695587056 2
1.8770420301592865 0
1.8871692452151119 2
1.93201145477228 2
1.8810699051587945 0
1.9514748457558548 2
1.9485609145209022 2
1.9370119172023208 2
1.8906664446286903 2
1.9344005074820818 4
1.9300514564801408 2
1.8854701904129885 2
1.8473206878332364 0
1.9348762202161438 4
1.9230304876454267 2
1.964665981027733 2
1.919505132799269 2
1.9324314995359866 2
1.9217796641098437 2
1.9195010601833444 2
1.9606645471076358 2
1.9705185167055757 7
1.8892119161504295 2
1.922829974142482 3
1.9236656385920237 3
1.9666296845672129 2
1.9195389109548069 2
1.8446302078911365 0
1.8914449432692861 2
1.8885357398754983 2
1.8809802332081684 0
1.962123347983336 2
1.8813793291676026 0
1.9314833852352948 2
1.9149816412590903 2
1.9235279536462855 2
1.8825116108485236 0
1.8467649547260216 0
1.9373396835914256 2
1.8925903467511684 2
1.8784675128234924 0
1.960571382808393 2
1.878381596198948 0
1.8928189926003165 2
1.8937052991342451 2
1.8960966000649087 2
1.894894622728295 2
1.8438137020720242 0
1.8839502803586734 2
1.9238462201706963 3
1.8821964543626108 0
1.8809526346317784 0
1.9000821914517607 2
1.9249709079162527 2
1.9255586990298774 2
1.9197713713576285 2
1.7225241713038077 1
1.9514518915137828 2
1.8755151467768414 0
1.8868735301700683 2
1.8802531687835045 0
1.8702604315381766 0
1.8831567702350307 1
1.8938156209892492 2
1.8769909875610649 0
1.9299682962392588 2
1.8779291348210512 0
1.8921491519060794 2
1.9195065745793147 2
1.9477330895231961 2
1.9115077959729878 2
1.959349318590347 2
1.8824286282811822 0
1.8830790839195448 0
1.8488901414681667 0
1.8770790877524497 0
1.8999071997268868 2
1.8944251414719295 5
1.7300477162564993 1
1.8946081082714503 5
1.9310858360769807 2
1.919768596791834 2
1.959116937782623 2
1.8436986475469213 0
1.9616900482894477 2
1.8825483200698745 2
1.8516274126372947 0
1.8427277413086351 0
1.9281921104452855 2
1.878686267027931 0
1.8508626229518528 0
1.8775805640901295 0
1.9114523821549307 2
1.9687144639087308 7
1.9233380828077205 2
1.9128764637670805 4
1.9547958792335522 4
1.8861492052829223 6
1.725978058525957 1
1.8803523037127183 2
1.972892892026684 7
1.8500915677528649 0
1.9739775053034068 7
1.972573943152658 7
1.8836707017079324 4
1.8927126130812228 2
1.8495974619568578 0
1.8873305279782473 2
1.893448510445261 4
1.9661549567336052 7
1.8837025907959482 7
1.8421359659448384 0
1.8906975615878663 5
1.8490167599663443 0
1.9747609846458494 7
1.8819233297208433 2
1.889919466714617 2
1.9012014537275297 5
1.8495812492775896 0
1.9553452282508934 4
1.8541063190774218 0
1.8702900383550325 0
1.8512544902875963 0
1.840589865196982 0
1.8800138888948172 2
1.8844435670005277 2
1.8545577888146978 0
1.9072461359412776 2
1.8396668246576398 0
1.9039045774932963 5
1.8904121906009546 5
1.9197772234507902 2
1.8457610822105501 0
1.947792639150054 2
1.9075924187865003 2
1.8788940216602592 0
1.8399103698352308 0
1.902597952731091 5
1.9475943011309047 4
1.8421359659448384 0
1.8361010628848506 0
1.9249797890043854 2
1.93451440416742 2
1.8552269000508712 0
1.9195283701917507 2
1.9196870536558333 2
1.8486726676283438 0
1.8530041435742173 0
1.9326179330461215 2
1.8830761928742212 0
1.952384717500857 2
1.9374448320403137 2
1.8487847361549228 0
1.8947462223274976 5
1.881118385278115 2
1.9744504172915234 7
1.974017635029768 7
1.8793010138606037 0
1.9197712595907779 2
1.8766865514561653 2
1.9235066514371053 2
1.9234335411761678 2
1.9384583140347318 2
1.9514507548248363 2
1.9513316336251993 4
1.9657647625173649 2
1.8471718252714804 0
1.888251364241689 2
1.968031275593126 2
1.9685248269074416 2
1.8900369250773614 5
1.879968554337025 0
1.8864813579348936 2
1.922024045349222 2
1.9217451408475663 2
1.9336425697812847 2
1.9248618265173263 4
1.9477119483514853 2
1.887240396393437 2
1.9614443259217955 2
1.8831612762962673 0
1.9197691463839994 2
1.9343007661231977 4
1.8356077736868044 0
1.93232962748297 2
1.893208036335822 2
1.9332951511789231 2
1.9514479885074905 2
1.9334534114247213 2
1.9642592280874214 2
1.884104934230592 5
1.8834659854915476 0
1.8962410421395424 2
1.9515299850499073 2
1.8870091662737876 2
1.962424516898618 2
1.8866355389599836 2
1.9659118315907698 2
1.9298048303631457 2
1.9520722306132423 2
1.962544887408604 2
1.8949671088620568 2
1.9739775053034068 7
1.9230484247315989 3
1.9570231638232118 2
1.9335326413385177 2
1.9314787019702786 2
1.8924194777988872 2
1.8864389243210178 2
1.8471359621907963 0
1.9626513366555918 2
1.9195340684548965 2
1.9333042241682292 2
1.9513591184205883 2
1.9591881763626855 2
1.9213473902047538 2
1.9267594780308663 2
1.947709275496513 2
1.9477114942939788 2
1.888672743472988 2
1.9039033195811068 2
1.9039056051298031 2
1.8942454046580446 2
1.8407777962828646 0
1.893503348249997 2
1.8470709589089436 0
1.9302786498596343 2
1.9477737022649169 2
1.929371952982375 2
1.8806951619366166 0
1.8759899957254946 0
1.9322167522363873 2
1.8821131391362838 0
1.9249115092191131 4
1.87439045326197 0
1.9591740959855062 2
1.9391770177278718 2
1.9197712445932 2
1.8528286499135729 0
1.8481848997967893 0
1.8902260246539078 2
1.951656246409827 2
1.9514507054128751 2
1.9203007969558614 2
1.8414756743870904 0
1.9230214680942996 2
1.7445362788556709 1
1.8970802361965635 2
1.9354942987069381 2
1.9300807797831983 2
1.903679320740507 2
1.9197874744632828 2
1.9267916151768059 2
1.9685678390914911 7
1.8357739653460987 0
1.847503479621921 0
1.9197900415653801 2
1.8751436030127404 0
1.871943019529021 0
1.9625279779058737 2
1.882364900707941 0
1.9478790752045223 2
1.8506697537979986 0
1.8477590282341232 0
1.947712750391863 2
1.8420360930650674 0
1.880318206484319 0
1.9016758406192906 2
1.9016758373416875 2
1.901675841950575 2
1.9016757219422784 2
1.9016757665433712 2
1.901674687872588 2
1.8471810413132108 0
1.9699505014116827 2
1.9353454703664594 2
1.8731296778987883 0
1.9478825702183804 2
1.8892512447554999 2
1.9312871590241225 2
1.9298052922512798 2
1.8773323451187043 2
1.9322827357767365 2
1.9390535503900317 2
1.8470053642984445 0
1.9268950322582856 2
1.890866666611055 2
1.8920184165545084 2
1.9685678390914911 7
1.877930942871688 0
1.880798420740859 0
1.8757876040524384 0
1.8936929661871198 2
1.87880191206263 0
1.886831661726616 2
1.8733394815427122 0
1.8914556513423284 2
1.9195322359804798 2
1.883256037464491 0
1.9632834797375867 2
1.9582047673068947 2
1.9196745467056098 2
1.923144833913548 2
1.9350463285092012 2
1.8862630534596756 2
1.927831953639624 2
1.9477485145444016 2
1.8827947154596065 0
1.9487145076002752 2
1.8834614901122668 0
1.8964044276003724 2
1.9631874123297417 2
1.8830670854199776 0
1.894171566405245 2
1.8760502055966384 0
1.8742707643675494 0
1.923609273115728 2
1.9299037805037047 2
1.9364680582660008 2
1.8801500050355968 2
1.9281433220744344 2
1.8496467748109304 0
1.9581031869841874 2
1.877262409617277 0
1.9580953608605156 2
1.922039298942486 2
1.885444965442805 2
1.9608482059484653 2
1.9197791393755341 2
1.7259752458664348 1
1.9338655478936395 2
1.9198717342576679 2
1.8984493579056805 2
1.9308834151846153 2
1.9373329522712928 2
1.8771727187608116 0
1.8773274626847534 0
1.9220366605018968 2
1.9477905615265587 2
1.9197738097442758 2
1.9641285247940887 2
1.9197676297848094 2
1.9635064815422003 2
1.7339418033262828 1
1.8919106727384307 2
1.9312337741788197 2
1.9346140882955287 2
1.9044992008968686 2
1.9584113663201141 2
1.8777408300572356 0
1.8506094229796213 0
1.7259778037530489 1
1.7336763250025427 1
1.8829148545886192 0
1.8999130236110953 2
1.932576497532523 2
1.9382831927046855 2
1.875314885669348 0
1.7139102380528377 1
1.919503576780126 2
1.8789278489041068 0
1.925509856929218 2
1.9133337302013407 2
1.849434786426236 0
1.9304642920447426 2
1.9367206211921706 2
1.9594551930414303 2
1.8532806466893843 0
1.843801669655972 0
1.8453579559088158 0
1.9322610103042608 2
1.9318185193066506 2
1.840358475294741 0
1.9419914271933842 4
1.8465608465599865 0
1.845275359539976 0
1.9302947926937042 2
1.8489641338613672 0
1.88218642002394 0
1.919503576780126 2
1.86990980852123 0
1.948682367946768 2
1.8808787484321807 0
1.9220208529371936 2
1.7468484423420336 1
1.9233135940283836 2
1.8482170500619997 0
1.9476178251117318 2
1.9455138016997253 2
1.8477791144492912 0
1.9478419344963218 2
1.7335682855169448 1
1.9195026141384612 2
1.893608098787366 2
1.8410178891137585 0
1.8811889118458678 0
1.9230215388000167 2
1.8483584125947137 0
1.727304473161607 1
1.9697404954398514 7
1.850899146009677 0
1.891711894735186 5
1.884811941520719 0
1.7343978157212732 1
1.8999868162329752 5
1.971237571712331 7
1.972405310323259 7
1.971237898893241 7
1.9686187616862836 7
1.8860505963402163 2
1.9746415538542577 7
1.9501163936703692 2
1.8799458767354964 0
1.9258400497423758 2
1.96325795068045 2
1.9350712521713016 2
1.9230212461094425 2
1.9264023733598088 2
1.951509152171993 2
1.9223599659210742 2
1.966854035017341 2
1.9347237996742224 2
1.947642892741008 2
1.9231206318432639 2
1.923020623849829 2
1.9256709181526603 2
1.8776806318024957 0
1.9450491820114237 2
1.9334607331745848 2
1.9230189463966678 2
1.960206966628133 2
1.9477127848062463 2
1.9381952755929854 2
1.9581644771676303 2
1.93576895796105 2
1.8951600947816685 2
1.9024154862321705 2
1.891815625386102 2
1.8698597985597931 0
1.893241312953603 2
1.8934233822588094 2
1.8934273051823647 2
1.8934314669760184 2
1.893603518600605 2
1.8934280914476231 2
1.9659527401240748 2
1.9334526318673244 2
1.8511613631367496 0
1.9178187387414012 4
1.9734235619939982 7
1.9743406727078585 2
1.951711118815233 2
1.9691821691419689 7
1.8459459843350916 0
1.8462603772466806 0
1.8485184052919452 0
1.8725315484848042 0
1.8935120819698634 2
1.8867929916120556 2
1.959564788499958 2
1.9674808925889098 2
1.942915270681542 2
1.894896423111966 2
1.8913590530422504 5
1.93753107076076 2
1.9617822465027115 2
1.9514480855965068 2
1.9115094205273873 2
1.933915432432377 2
1.9575523559324532 2
1.8825473057115634 0
1.880257689055983 2
1.9197702961841463 2
1.884376799479926 0
1.8456892734602444 0
1.875140882681759 0
1.974239387515271 7
1.9722745757885751 7
1.972351071594578 7
1.9603362577650327 2
1.9487221953559057 2
1.963466177341044 2
1.9480548552332535 2
1.9605875759446987 2
1.880436402610395 0
1.8776976193555532 0
1.843700898676734 0
1.953178350920391 4
1.847037046866883 0
1.7117544271891074 1
1.8840613435493834 6
1.8867569368598343 2
1.9252756330287024 4
1.9537581406653726 4
1.9705447050629792 7
1.969479516775349 7
1.8858256609308814 6
1.9542179949296428 4
1.7211982632598102 1
1.8804179381819826 0
1.8781049393965872 0
1.8833892552426212 0
1.8812033768686878 0
1.8544476492230029 0
1.9230350755682764 2
1.8421289678246358 0
1.8813092349289542 0
1.8832896610726382 0
1.874526913376052 0
1.8422529975297697 0
1.848148138082211 0
1.9703765930995432 7
1.8434343663943762 0
1.8799826121292718 0
1.7404554654620183 1
1.8900319198331315 5
1.8827893361532773 0
1.8811988561289037 0
1.8474341240597976 0
1.8819793948425665 0
1.9516763147341165 2
1.9444633621071468 2
1.9478918292260228 2
1.9482015419187277 2
1.8509928343754183 0
1.8933091041594474 2
1.9510345391778516 2
1.9347310304313885 2
1.8459280804220957 0
1.8759866587240535 0
1.8831798378047928 0
1.8835388167875238 0
1.8452602106162532 0
1.8472026375676878 0
1.844327219495987 0
1.8445896273859226 0
1.7134890795696078 1
1.85334676627326 0
1.9114091984852821 4
1.8524189173501209 0
1.8832350376467948 0
1.8825008040326945 0
1.8802045400031149 0
1.958131480024092 2
1.8417402728180519 0
1.9115496066724211 2
1.9478105418253637 2
1.7469383111850392 1
1.9000773327199774 2
1.8449451326689779 0
1.9436461147736996 2
1.8390881119309408 0
1.8832617200832111 0
1.8827426679700408 0
1.8474583366383013 0
1.8825907489853233 0
1.9230714820688697 2
1.8784636415841336 0
1.9639173218988923 2
1.923189134395292 2
1.8836658252710046 0
1.880552205815904 0
1.9718499607972226 2
1.8782359545668152 0
1.876151273793141 0
1.882389349590132 0
1.8773714009985638 0
1.9591120171389886 2
1.8769661757311507 0
1.8767071526898529 0
1.878195029078502 0
1.8740762368466684 0
1.8542264226773437 0
1.9396019320946283 2
1.8523185567980767 0
1.878248212131643 0
1.9269799708898234 2
1.876902810336876 0
1.8780759757737773 0
1.8747006975581373 0
1.8523030964178626 0
1.8432782948788413 0
1.877049635079985 0
1.8938802684327998 5
1.8506176212372243 0
1.89385748298725 5
1.8778325166440768 0
1.9516266059274068 2
1.8778451966668281 0
1.947808828618774 2
1.865064444931141 1
1.942113284489984 4
1.8459998221825915 0
1.8827951833991614 0
1.8510510534279367 0
1.838177244487811 0
1.8780326820702422 0
1.728348522872553 1
1.9254796015768774 2
1.8821490037676945 0
1.8466807766382498 0
1.846015156871732 0
1.7469508820748771 1
1.8748117314962667 0
1.845360015417803 0
1.8779152027598915 0
1.876507530467429 0
1.9494951263723372 2
1.960284397177637 2
1.8828981896140342 0
1.8962359231908459 2
1.8531054444800534 0
1.9475440467996308 2
1.95924009805205 2
1.8806205143064474 0
1.8813897620182025 0
1.9477245070355775 2
1.8372503239548346 0
1.7284111408000473 1
1.733061121438223 1
1.883121424254599 0
1.8775236830611617 0
1.9514099639948639 2
1.881651387409678 0
1.8382060591634708 0
1.8481477789027339 0
1.8800586466024307 0
1.947841084321326 2
1.8815552062138143 0
1.8775153678781638 0
1.8831810463061232 0
1.873665846613475 0
1.8713345579871243 0
1.847419539202707 0
1.869562543094153 0
1.8773240545546814 0
1.8499644022057204 0
1.8510593573822256 0
1.730542358649479 1
1.84390295946218 0
1.8936640459204277 5
1.9006370636222476 4
1.886588869909608 2
1.7199345972203206 1
1.9350540796635636 4
1.9024660153762465 2
1.9025210191351685 2
1.8497165790894066 0
1.8402735082197252 0
1.9099066703523453 5
1.8912881642848758 2
1.8748904777261628 6
1.7254246993656888 1
1.9040338851235579 5
1.9348303360530887 4
1.9551128547071976 4
1.9729306492732113 7
1.8520984816270218 0
1.9134003970936724 5
1.8450831167273138 0
1.84947834513151 0
1.8716318752957508 0
1.8380768020651574 0
1.7254217549423274 1
1.8959517941623176 2
1.9364049616670993 2
1.9270279635136287 2
1.8711915354207362 0
1.9484733505992955 2
1.8805080053425254 0
1.9230209086965258 2
1.877588082440285 0
1.884109479803969 6
1.9084187235262886 5
1.8829194431609841 0
1.838503532214978 0
1.9641888321064946 2
1.8796547534434922 0
1.9342615391722637 4
1.8767581880975834 0
1.9359805059417838 2
1.843631990123427 0
1.8468491764845063 0
1.8781274903458014 0
1.8798755251047579 0
1.881126531303879 0
1.96188159800525 2
1.90653779460085 5
1.9479799439439558 2
1.9687455463771162 7
1.9312277583564632 2
1.9263305642369135 2
1.740702384316123 1
1.9230543983470048 2
1.8714239336366678 0
1.880640415498891 0
1.8464837607758902 0
1.882460470947911 0
1.7210733074038427 1
1.9257655264827902 2
1.8756660283620186 0
1.9732992487433343 7
1.925458391742433 4
1.740659829142717 1
1.8832555579807184 0
1.9390119978719442 2
1.880518910032583 0
1.8386143673945818 0
1.88099921157243 0
1.8888866340090256 7
1.8818207021592763 0
1.9360605407573444 2
1.952093904337915 2
1.8776080485894369 0
1.94787593562737 2
1.8856666192976714 6
1.9230716818766238 2
1.9154224186021924 2
1.8477136411500243 0
1.7283151792203304 1
1.8799274705920894 0
1.8824248557182262 0
1.848639923057161 0
1.8399123397907111 0
1.8467962982062203 0
1.8812684344635509 0
1.878194687729991 6
1.8806282961790304 0
1.7341773661282378 1
1.8804053368508848 0
1.8457891723292905 0
1.850144850113785 0
1.912054711980107 2
1.9342518096798909 2
1.8836660319040277 2
1.8497370703001876 0
1.96904112816741 7
1.9353786849150625 2
1.8760848727934083 6
1.9475701884369845 2
1.9119225794954353 2
1.8466431371678418 0
1.972089919534597 7
1.9218897863044047 2
1.9223034313754852 2
1.9476792336946596 2
1.9196794815300247 2
1.8460049334994182 0
1.9667567270508806 2
1.8757414354180995 6
1.728898565849441 1
1.8434789806317002 0
1.8836261230212836 0
1.8774220008026552 0
1.8828606516664148 0
1.9595182213805722 2
1.9244230137519984 2
1.885618919791962 6
1.904356658017353 5
1.9516984042976937 4
1.9454640527180123 4
1.8497910878503359 0
1.8878733254804558 6
1.9709049349851586 7
1.8836678846665007 0
1.8389900532349253 0
1.8926801949466157 2
1.8991175304108883 2
1.9541615441198499 4
1.731031274785209 1
1.8901920257748785 2
1.8991000244937033 2
1.8567431968979888 0
1.9045437265832088 2
1.9723053836321285 7
1.9530960624651619 4
1.719809166991658 1
1.8484597135228822 0
1.8934525322920488 4
1.9454640527180123 4
1.9680223649745388 7
1.9076411925540193 2
1.9541615441198499 4
1.8485728863394686 0
1.8643430974427766 0
1.8835451012579114 0
1.8774689707955423 0
1.8743243864039563 0
1.879696751978689 0
1.8484893157747997 0
1.8497512664858862 0
1.8495941382844272 0
1.9698073608200184 2
1.87968820790871 0
1.9352825036691865 4
1.8530088111714889 0
1.9277642897394391 2
1.8521840034444774 0
1.9489183589223151 2
1.939326520002312 2
1.7139475942575009 1
1.94772967436988 2
1.8813226417490325 0
1.8785181752471132 0
1.8831804757142643 0
1.9379915682355289 2
1.94871954507393 2
1.876049638117279 0
1.7345609183733057 1
1.873685811279171 0
1.8467309708323658 0
1.873414195715204 0
1.8838436142459822 0
1.8839919825434222 5
1.9007308038325303 4
1.9035645489116393 5
1.7345034985139862 1
1.7339826540153753 1
1.8744402594472063 0
1.884584099761264 0
1.8478876293237383 0
1.7310821968462617 1
1.7345848406962918 1
1.7315801259236285 1
1.9515511006874215 2
1.7339821208079045 1
1.9480142332795347 2
1.7345045550172484 1
1.7344905504260957 1
1.734504691033533 1
1.734503462105059 1
1.9618169728473325 2
1.9130996978140542 2
1.927279761033419 2
1.9609746229653504 2
1.9240074802405638 2
1.7301900380773847 1
1.8775138139264382 0
1.9514639776911695 2
1.7308188027452418 1
1.730147938697891 1
1.8707153287383333 1
1.7302091789389253 1
1.7345029732242419 1
1.872462581622845 0
1.7312327478874365 1
1.7305482139271615 1
1.9597151427755122 2
1.730734543434647 1
1.7472689835638953 1
1.8779001207590684 0
1.8957254986308762 2
1.8782683033453225 0
1.7344891636965685 1
1.7311656704158949 1
1.7307014860533239 1
1.8782970161707333 0
1.9241169228203152 2
1.7344549532149598 1
1.9608165340834613 2
1.9412831118214626 2
1.926767481025967 2
1.9703754610009283 7
1.7312294425990256 1
1.8817630705282293 0
1.8859126175915213 6
1.8832918787908206 0
1.8774540388427263 0
1.8458026072154823 0
1.8809640400372456 0
1.8859122250395057 6
1.8836535751898142 7
1.9229364304034033 2
1.93484158391948 2
1.8761384766584468 0
1.8455425268569994 0
1.8818215685247774 0
1.935018141960615 4
1.881674647651682 0
1.880934523258088 0
1.8804638624766294 0
1.8833022718890942 0
1.837874460972268 0
1.9117108631551496 2
1.9329923675251799 2
1.8827322681572134 0
1.8765196538537339 0
1.881305761377483 0
1.866506991612725 0
1.8448622066307774 0
1.8466166413266392 0
1.9703329527777766 7
1.9581345791788383 2
1.8812733046629977 0
1.96662671288222 2
1.9271641507270827 4
1.9537752655111804 4
1.9059258197949127 2
1.9691808907541184 7
1.8781011402348309 0
1.9709161807446365 7
1.8866154238964123 2
1.883526686652593 0
1.8411016852314324 0
1.8926449288281915 2
1.9702917335068264 7
1.7342243468283782 1
1.8871265932308754 6
1.881724703825007 0
1.8879432147106068 6
1.8861183645802153 6
1.878460628176746 0
1.8812604029193678 0
1.9249186573926547 4
1.8862980405736982 6
1.8735117558087209 0
1.714161937130879 1
1.876399940543396 0
1.8501352721200754 0
1.9524483519298672 2
1.8439486410600516 0
1.8826645172401015 0
1.9694452404728553 7
1.9517799763630195 4
1.9477948606542108 2
1.9477948606542108 2
1.8787738154703326 2
1.9380373275516438 2
1.8818739482848674 0
1.8481325339109156 0
1.734469769169014 1
1.9518168615558515 4
1.7306653958218365 1
1.883993276843786 6
1.8813143461680686 0
1.8812316860635627 0
1.8840146676137635 6
1.880622216532954 0
1.8538137323961046 0
1.9155501491680396 2
1.8830424383830637 0
1.8749631569973886 0
1.8507553398047087 0
1.8835470169367619 0
1.9480256007802244 2
1.8466552443962123 0
1.882041546158732 0
1.9697721674341788 7
1.8832360112997484 0
1.88024950551914 0
1.851586534503809 0
1.717695719732883 1
1.8829133558009479 0
1.8816889093121105 0
1.7318598228814794 1
1.9677687040513838 7
1.8762203352754734 0
1.9277255304251515 2
1.8845746336949865 0
1.9267692767153632 2
1.8743523403882871 0
1.8782469643308168 0
1.8758748973986346 0
1.8778016246561564 0
1.8490302732123196 0
1.8454841715352566 0
1.8475053868180962 0
1.877725135969445 0
1.8456032595333172 0
1.8782560379763416 0
1.8835661352333364 0
1.9369582056280905 2
1.8763137640847523 0
1.8460696877057696 0
1.8697860111712152 0
1.9488653284030422 2
1.8457243467203588 0
1.884193817216756 0
1.9196521329086313 2
1.939133236781779 2
1.9727739921117953 7
1.853016353126551 0
1.8788401802634376 0
1.8830053173938568 0
1.8465680371509026 0
1.881030205587167 0
1.8833254774137633 0
1.8812931549949259 0
1.875775092718287 0
1.9510201785605124 2
1.8743287890863203 0
1.8800634832646868 0
1.8840733373069403 5
1.8737649871729432 0
1.8820700051588748 0
1.9603960988760942 2
1.9227377834529422 2
1.8830663104583671 0
1.9519589165411577 2
1.8477262338895948 0
1.876397225041847 0
1.968621586751368 7
1.8437953013543638 0
1.9487948833038324 2
1.846925437389875 0
1.8763127466697003 0
1.8462537371413903 0
1.9597028575900883 2
1.847080260024562 0
1.8761938542458092 0
1.9477256578170936 2
1.8793152712416832 0
1.881931818218993 0
1.8507593817239874 0
1.9477425970572553 2
1.8771607184971082 0
1.8826472236437786 0
1.9479242020443528 2
1.9487832389840147 2
1.8462303648578537 0
1.907987972365282 4
1.8954193702665418 4
1.8915847211620138 5
1.8855096235193374 6
1.7448541579135914 1
1.7133506496223128 1
1.8833628023683442 0
1.7319343065737949 1
1.7277345905393764 1
1.8474195534130462 0
1.727216935655985 1
1.8487022805265274 0
1.9529903058062934 4
1.9374461580484905 4
1.8969586461809853 2
1.8922422684773315 4
1.9687786725755907 7
1.9342867557094618 4
1.9689095379707262 7
1.934231947154014 4
1.725270304979819 1
1.9464269997892512 4
1.7113916182903472 1
1.7300289559464093 1
1.8987388726775412 2
1.8969513215484952 2
1.9683016496913863 7
1.9041207083198064 2
1.8775657884031725 0
1.883312803369889 0
1.8767714885582896 0
1.9477239186668966 2
1.9163813801694314 2
1.9715469887818577 2
1.8769214970933743 0
1.9604248814923415 2
1.9478130043135657 2
1.8452173712552198 0
1.9216069998104544 2
1.96171337111838 2
1.8524832012240433 0
1.921940490016978 2
1.951462246182183 2
1.9689179028189983 7
1.8759491513638953 0
1.8449770337278633 0
1.934735167923113 2
1.9271727102655114 2
1.8805902793209357 0
1.8440209603890843 0
1.959544984469026 2
1.876685476159816 0
1.8317414810055057 0
1.871050861267739 0
1.8748520174273116 0
1.8822556274353524 0
1.8819723253922576 0
1.8796164221383735 0
1.9235420664398692 2
1.8781078685267079 0
1.9116066270687306 2
1.8825778400107724 0
1.9226960504469126 2
1.8396911073368547 0
1.8480438619902015 0
1.968442845052916 2
1.8832286841738504 0
1.8814548438583407 0
1.875956691129697 0
1.8748920960731343 0
1.8771698497749068 0
1.8483558050179127 0
1.9631204976478294 2
1.8831796572563997 0
1.9477263806229463 2
1.8830908852519381 0
1.835127419613486 0
1.875901135912601 0
1.8302255455982994 0
1.8993766399805248 2
1.8815281093488978 0
1.881340958404057 0
1.8808011873371775 0
1.880202577832989 0
1.878240045090759 0
1.8817977590131791 0
1.9010162252281608 4
1.8534691493546422 0
1.9609794180838904 2
1.943881993486528 2
1.9222285513054334 2
1.890612552641965 2
1.8439047335980152 0
1.8397457844801415 0
1.9478130043135657 2
1.8643841335828535 0
1.9217630638822956 2
1.9647159289653273 2
1.8829245206635334 0
1.8784449842859037 0
1.8770105647371758 0
1.8478284144371355 0
1.8530707732724498 0
1.7271240513137789 1
1.8728608247886929 0
1.8464172728721782 0
1.881566119766141 0
1.7145249867124537 1
1.9521854031957702 2
1.9647037702642849 2
1.8780378517627438 0
1.8760594260481158 0
1.9621322371125847 2
1.881468072941852 0
1.915506639773624 2
1.883251945218992 0
1.883713324547106 0
1.8766782324974576 0
1.8407045266674937 0
1.843907466682288 0
1.8758414722484336 6
1.9231219154503425 2
1.8535762847587798 0
1.8784967171370586 0
1.882540803468212 0
1.8817091340184715 0
1.878066130518844 0
1.8817346358235483 0
1.8461428409073741 0
1.877828471261669 0
1.9360547367279062 2
1.883315112333442 0
1.7442039858131357 1
1.850329360700545 0
1.9219155608083989 2
1.8813901328121159 0
1.8793145756661411 0
1.8826528892740488 0
1.8730494354612484 0
1.8799362155794657 0
1.8842572179118744 0
1.9241240796671337 2
1.8458887361288974 0
1.8780255275990636 0
1.8482910311833618 0
1.920441738893797 3
1.8833003602839935 0
1.922412777947489 2
1.880279005135606 0
1.8829664047482577 0
1.9478131609240583 2
1.874911628359671 0
1.8755134181790387 0
1.847704293497825 0
1.8893438412324672 5
1.8837385739170203 5
1.88578003494716 5
1.7113000118779336 1
1.8964272402109759 5
1.7154014139038327 1
1.8836698351466932 5
1.8944653276167438 5
1.8900323857459054 5
1.941796296987113 4
1.9254560027670513 4
1.8853991512603796 6
1.871490553607788 0
1.8776566789871765 0
1.9589100844512026 4
1.8485500305831242 0
1.9530462026949638 4
1.8842068701742194 5
1.8922812297293752 5
1.8936766280662383 5
1.8891496490973485 5
1.89025192289264 5
1.8839655200622172 5
1.8858561389181443 5
1.891244497942309 5
1.7474160963072194 1
1.734591218676194 1
1.9623209219112119 2
1.9230193094879002 2
1.8439637953979124 0
1.924015840633992 2
1.9239213677441178 2
1.9672976523568937 2
1.9709990863593958 2
1.920765676297739 2
1.9437014777702466 2
1.8433095628360538 0
1.9448989791837656 2
1.9477619189960687 2
1.874784139945982 0
1.936565209837017 4
1.959077719079336 2
1.9365678311012182 4
1.9561671253132706 4
1.9523505529811973 2
1.9487536419801956 2
1.9628225070235443 2
1.9669465376754431 2
1.9204017692073423 2
1.9418236985795538 2
1.9645886245041404 2
1.9456024704622754 2
1.9524455985617395 2
1.963969710957541 2
1.9237632210318663 2
1.9370738979250388 2
1.878686046470831 0
1.9207821535892367 2
1.927754056198703 2
1.9346413432940954 2
1.8814135213767016 0
1.9524456086201778 2
1.9589895403664195 2
1.9240164133246604 2
1.8512927943266517 0
1.9452455074544845 2
1.9625465129852437 2
1.9487073165624618 2
1.9487079361582564 2
1.940120344034931 2
1.9307831839341782 2
1.94870765933089 2
1.9335476358226769 2
1.9516645457767023 2
1.9689702288757467 2
1.9621494536006232 2
1.9487079974086015 2
1.887811928340288 2
1.9487094460731489 2
1.9632979336746539 2
1.9323646904130134 2
1.9207609482903105 2
1.9124239901801114 5
1.887174612674407 6
1.9542204534241143 4
1.9342566387570217 4
1.9240152607263912 2
1.94870765933089 2
1.7142257945442043 1
1.934367843736787 2
1.9596501346145143 2
1.9365735734500755 4
1.948707517770903 2
1.9364316887920638 2
1.9487125394302351 2
1.9513912860737745 2
1.9608903315542563 2
1.8835337553112799 0
1.8468867714168582 0
1.933334942455205 2
1.9591449599681763 2
1.9240164133246604 2
1.937661482252059 2
1.8736034952339993 0
1.9633691292387185 2
1.934367843736787 2
1.9230193041141543 2
1.8339450076672923 0
1.9240164133246604 2
1.96140385481554 2
1.8528977305078589 0
1.9349195502416758 2
1.8762992852496208 0
1.9597684072277328 2
1.9205059528946573 2
1.948706237557048 2
1.9748953920597663 2
1.9353897434664422 2
1.9632655496314098 2
1.893837207471221 5
1.883818431710905 5
1.8746193699720826 0
1.9240164107351445 2
1.948707681681147 2
1.9330171352812233 2
1.9651262019744176 2
1.920763024965254 2
1.9195812482336438 2
1.923059641268039 2
1.9486615325947851 2
1.9753551553796695 2
1.9322658126805052 2
1.9310342833748326 2
1.9311448813218965 2
1.951472305817281 2
1.923922236048754 2
1.8951061321300076 5
1.9321832812945854 2
1.8417255947482944 0
1.9618454955060969 2
1.9115069588490117 2
1.9350517954213322 2
1.9278332802415883 2
1.9309030611409301 2
1.9207609482903105 2
1.9515701167112622 2
1.9646217436248388 2
1.9330408726335353 2
1.938015911217494 2
1.8462634927385182 0
1.8533326977275246 0
1.951536295578216 2
1.9382873563151926 2
1.9585725086064771 2
1.9056504864427042 4
1.9241401724230887 2
1.9524455985617395 2
1.9333515108054447 2
1.9359286292805074 2
1.7302618144214776 1
1.9524457043639607 2
1.9523381562863469 2
1.948707731024867 2
1.8840811369067672 0
1.965058446563694 2
1.948705020890301 2
1.9384045521137194 2
1.88370304297307 6
1.959472443002187 2
1.9487106719878047 2
1.9637783647120477 2
1.9608530562134179 2
1.9524457427547002 2
1.8448459356148021 0
1.7347339800674213 1
1.9277546995772108 2
1.8817302546273924 0
1.9329129968229322 2
1.884212138068549 7
1.9487047281997272 2
1.952442652936377 2
1.951538503222448 2
1.7471480835096485 1
1.9607565464795145 2
1.9590588884081095 2
1.9487191476562358 2
1.8826885147815784 0
1.9581225060251068 2
1.8486668593913256 0
1.924500963702293 2
1.912051257567795 2
1.9332040404383342 2
1.8894246835098838 5
1.9389955385976452 2
1.9523015005153188 2
1.9514862091210026 2
1.9580001813098493 2
1.9277882617143531 2
1.890639423512745 2
1.960177245029018 2
1.9569922499090473 2
1.9602515666305078 2
1.8750191508637968 0
1.9165059815216527 2
1.9629082615207172 2
1.931092147732868 2
1.9510668050729563 4
1.9604406837184691 2
1.9521585344646477 2
1.9278438629932875 2
1.9382597324633817 2
1.9487155029583405 2
1.8833082088831714 0
1.932677576859155 2
1.92309944175748 2
1.9520049068664802 2
1.9352455400592865 2
1.948664181206439 2
1.958810388673821 2
1.9477951463524312 2
1.9634802391589306 2
1.952506901369161 2
1.8812725138444288 0
1.936050766459122 2
1.9239213677441178 2
1.9319213907102768 2
1.9600326828735075 2
1.9277696050931628 2
1.933374600423046 2
1.964527392782004 2
1.8487636268755256 0
1.884258923681373 6
1.972850193234504 2
1.94870765933089 2
1.7475835696737803 1
1.961045859238867 2
1.9612251935308493 2
1.9236467784994757 2
1.8826322159634412 0
1.9578100274446295 2
1.9524418934425383 2
1.9604330885046055 2
1.933287490607976 2
1.9205291271387919 2
1.747284659247581 1
1.8848236474190923 2
1.9524424875725177 2
1.9591242183958666 2
1.964210610899067 2
1.9604714299340267 2
1.7470389941860343 1
1.8811927760761813 0
1.9519315120974992 2
1.9320948274512584 2
1.9613201119711865 2
1.9590147068422537 2
1.9522480719525321 2
1.9231405750640318 2
1.8778092811426712 0
1.9266648343280162 2
1.9666420420903366 7
1.9640070897646877 2
1.8708066693094152 1
1.8771642339285897 0
1.9229785416639433 2
1.843041768574519 0
1.9713784490921087 2
1.9194951664365512 2
1.7307431228988017 1
1.9229777258842955 2
1.9343923645369099 2
1.9277543525555099 2
1.8760085733951606 6
1.7305877935824183 1
1.8791652875497449 0
1.9244920382707384 2
1.8747104622092088 0
1.9239187423806965 2
1.948583318546316 2
1.8439672593603376 0
1.9613784884758563 2
1.9487133496294704 2
1.934430662338414 2
1.8799720182707051 0
1.8553617118236 0
1.9689657077543932 7
1.900591769334963 4
1.8760315693523775 0
1.9639293958709565 2
1.948658904783026 2
1.9457252190814804 4
1.960955320994206 2
1.9515306817803908 2
1.8748101899288279 2
1.8462297669381367 0
1.898199180767321 2
1.7469607692874871 1
1.9180884457212513 2
1.9487066167996203 2
1.9730610093257503 7
1.9265041398966347 2
1.8473075749199355 0
1.9475898881308538 2
1.934935306094393 2
1.8915893951620177 5
1.8449201249198783 0
1.9576933009803188 2
1.94870765933089 2
1.9309926416877663 2
1.9477105553215588 2
1.9682344048414795 2
1.9477105553215588 2
1.9204958321347576 2
1.835893884162423 0
1.9581213225432168 2
1.9478723683428925 2
1.9672519893861071 2
1.9580586336320431 2
1.9680299870179858 2
1.8444974188629983 0
1.9487094511361698 2
1.9205072569629646 2
1.9697392685855952 7
1.9644212773000167 2
1.8811659396383518 0
1.8806550632082955 0
1.9484474023284895 2
1.9264753756391944 2
1.951271852363762 2
1.8834457232412432 0
1.8837069679401623 5
1.9711639291088563 7
1.7280130531386824 1
1.7269160753795387 1
1.9338131095922821 2
1.8983817567611863 2
1.93385890333287 2
1.854773533325534 0
1.9325347186378699 2
1.8897172266250757 5
1.9345918015096037 2
1.959782931181606 2
1.875968464837913 0
1.9601884581389786 2
1.8780982035524838 0
1.8778517130031533 6
1.9524457395221162 2
1.8461296637034095 0
1.9048254633867951 5
1.747407288671792 1
1.9611502293202803 2
1.9350013309617606 2
1.9634836685263661 2
1.845749378394307 0
1.924243754113882 2
1.7308087119082014 1
1.95897181410444 2
1.8792022185315866 0
1.8870535784705649 5
1.8959747037722017 5
1.9580241807276286 2
1.9487155699033867 2
1.9308364007666936 2
1.932600589182767 2
1.9603374173133508 2
1.7306177695624934 1
1.9624535452499732 2
1.9618090984747965 2
1.884148076233504 5
1.9308364007666936 2
1.7309317294493587 1
1.8458423675768598 0
1.8823113018011426 0
1.9675338814867336 2
1.8849292299662852 5
1.9648683993114269 2
1.9202351269009514 2
1.8849292299662852 5
1.7474534666475672 1
1.9612246271207752 2
1.9487131737268601 2
1.9630651881144665 2
1.9322035096332506 2
1.9244081583965216 2
1.934320991450533 2
1.9414800840346844 2
1.920510995121436 2
1.8800093497348729 0
1.9207634063056735 2
1.9523496600576449 2
1.9524455209811382 2
1.9686805052496268 7
1.8811224608395798 0
1.8753441588430193 0
1.8779946725083803 0
1.8823314762836334 0
1.948708940520282 2
1.9487074851728008 2
1.920499687178617 2
1.9277434808395282 2
1.7470844315845078 1
1.8485673688875552 0
1.9618018600033593 2
1.8916427634879611 5
1.932959419425158 2
1.8810013314497374 0
1.8841688858595562 7
1.9267489963077644 2
1.943382775300508 2
1.9209959342494263 2
1.92310711119336 2
1.9333796410817254 2
1.8760690016416073 0
1.8495498121448752 0
1.847080006550367 0
1.9590468815167243 2
1.94835084952261 2
1.9590681528532254 2
1.8449895534455272 0
1.9311243005285461 2
1.9487048765926154 2
1.8833012068284483 0
1.8845588112210103 0
1.959469346912039 2
1.9520050566542475 2
1.727316028769697 1
1.882038526730187 0
1.8795688856714887 0
1.8822110464247384 0
1.882260159623964 0
1.8740817191724217 0
1.7300961737283118 1
1.845456592595698 0
1.8457429596277553 0
1.7340521377178442 1
1.9311704472413667 2
1.84309100141661 0
1.9520411531999493 2
1.8832044805778223 0
1.8753118118300542 0
1.9487318208658182 2
1.8713325470681217 0
1.9593015950163932 2
1.9355985582150255 2
1.9230161472623464 2
1.9487190936883327 2
1.962893044894458 2
1.9343884902327617 2
1.920495812864181 2
1.9595403738242403 2
1.9277592350791846 2
1.8851000797863404 5
1.9246433481045426 3
1.8835944218254779 4
1.888305978329938 5
1.8830637965826384 0
1.7164633607170632 1
1.9152910266710714 2
1.8488817959699264 0
1.878535742544871 0
1.9419874132189805 2
1.8972873976636808 2
1.890545107072318 5
1.8809077896610946 0
1.9356382959620932 2
1.8516947694731156 0
1.9367246735208785 2
1.9207634841576688 2
1.8837693787024379 5
1.8841665079229621 5
1.9378692651966491 2
1.9330248445870193 2
1.9384053754180295 2
1.8860618850922652 3
1.9344612220303241 2
1.9347316269121058 2
1.9487076578283815 2
1.9278078218752264 2
1.940035307469633 2
1.947716069717529 2
1.9476694334067484 2
1.9684930393968911 7
1.948705020890301 2
1.9333476550934992 2
1.923011553672218 2
1.952446281306442 2
1.9388036920958922 2
1.9515194744220397 2
1.9523505014557692 2
1.9487287845801515 2
1.7474631214785714 1
1.9193404522044146 2
1.8821609384535314 0
1.903305117771588 5
1.92676168844997 2
1.9242447834387846 2
1.8908179422281899 2
1.9245071120516963 2
1.8958833080296484 2
1.8821816930204727 0
1.920763574511337 2
1.9207544124617475 2
1.9524535091342363 2
1.963236157525868 2
1.9358339077046394 2
1.9556959910420415 2
1.9710689740104927 2
1.966296343302396 2
1.9524535314844933 2
1.9487048118555543 2
1.843908194390935 0
1.8835656654610666 0
1.9636971832075532 2
1.9207676288199849 2
1.9671561891398723 2
1.9525672717669291 2
1.937278410666826 2
1.93790675585336 2
1.9267598869867677 2
1.9685170281386757 2
1.964701219581211 2
1.9346093709050334 2
1.842660549950067 0
1.923020736901101 2
1.8769983338741114 0
1.9207797027852263 2
1.9628036628699654 2
1.9115065065809094 2
1.9391294047755014 2
1.960874715577336 2
1.883847937710802 0
1.9240127681261128 2
1.9487076504044702 2
1.9581779310772818 2
1.9383755754379588 2
1.7301643273763625 1
1.9514584680245395 2
1.9486609725137796 2
1.8671908716834436 1
1.946951090418967 2
1.9135402829365853 5
1.8705026376874125 0
1.9511162220774247 2
1.8831850080648567 0
1.9632096357951665 2
1.8841943777858907 4
1.9616418497988586 2
1.8445154055767423 0
1.8831431574201134 0
1.8829173270579729 0
1.9244894872652776 2
1.8830319405486178 0
1.9207630244714435 2
1.937430945264389 2
1.8822353591179553 0
1.96493463717079 2
1.88952424968985 5
1.8822217407795643 0
1.9588290327510574 2
1.9638118676258833 2
1.8742873205278259 0
1.8366495791018111 0
1.9405547883932943 2
1.8840527171114894 5
1.9612511602027642 2
1.9628159634655324 2
1.9512248004799646 2
1.934249574209973 4
1.8499560098615409 0
1.966977710550465 2
1.9599566501640517 2
1.89989845139553 5
1.942634921040828 4
1.8941422537032944 5
1.9381883147567578 2
1.9207634648870922 2
1.9240163943440851 2
1.9659442452279599 2
1.9487102076120375 2
1.8371760784955702 0
1.8837588594265378 0
1.9711111680366606 2
1.9321163116217945 2
1.947097099925511 2
1.7308526515480065 1
1.7475599062618645 1
1.88513897091609 6
1.9407098526068973 2
1.9239213677441178 2
1.8835302136649754 0
1.8353244149661039 0
1.9344763558968303 2
1.7442093017701015 1
1.8793061249573573 0
1.9240145511429938 2
1.9359442539738698 2
1.8732815694649088 0
1.9309005921708369 2
1.9697865514259498 7
1.8444898059856352 0
1.8837588594265378 0
1.8766543054173164 0
1.9321868118353887 2
1.8426107987665694 0
1.9603512348346732 2
1.948718094945508 2
1.8498894030306 0
1.8832039432238457 0
1.842703715734445 0
1.9468800277157126 2
1.9514511329929973 2
1.952445539358743 2
1.9658189878065515 2
1.9355482636101635 2
1.8499411597355677 0
1.8499949513338492 0
1.8817888072604312 0
1.8485846826638217 0
1.9307126036360136 2
1.9205107288489554 2
1.9364718254281994 2
1.961488892320606 2
1.9652168720149314 2
1.8833293930475856 0
1.9392827101686883 2
1.9404982128165846 2
1.9705681866416498 2
1.9477101463656572 2
1.967556874090569 2
1.8809468216075504 0
1.9631303449640778 2
1.9426410656630613 2
1.8811740897086875 0
1.7473531924486623 1
1.848538778219619 0
1.8412860847406927 0
1.9277509828407704 2
1.8976820177448126 5
1.8772233535206952 0
1.9514484945524082 2
1.9425805594189207 2
1.7475150509859232 1
1.9636382612678334 2
1.9277565663988532 2
1.9439064354454092 2
1.874914900574213 6
1.7403724928009712 1
1.8839070357422505 0
1.9029736069916927 5
1.8843478615504592 6
1.899738075074483 5
1.8857558737553155 6
1.8769749269515745 0
1.9040954518739164 5
1.7312385210743562 1
1.8480349169556796 0
1.8875716117784072 2
1.8892962648777225 2
1.8835622151248117 0
1.9029736069916927 5
1.9685210852151425 7
1.7269930836741045 1
1.8499593833672496 0
1.8858534267001428 6
