1.9000027497096248 7
1.9000002134751224 3
1.8999991980943427 6
1.8999991485861323 0
1.899999257408593 2
1.8999992316013543 2
1.899999118444775 0
1.8999991779362428 2
1.8999991741334792 2
1.8999992328206017 2
1.8999993204873094 2
1.9000027464075202 7
1.8999985886514739 0
1.8999991718427056 2
1.899998496640722 0
1.8999992827381063 2
1.9000027449003831 7
1.8999985695760397 0
1.8999991594917713 0
1.899999172999232 2
1.9000027464075202 7
1.8999985554929761 0
1.8999991710425823 2
1.8999992616083614 2
1.899998519143175 0
1.9000001581437278 2
1.8999994868786971 2
1.8999991356557757 0
1.89999912957873 0
1.899998569256567 0
1.9000008069719159 2
1.8999991982668432 6
1.9000001061234224 2
1.8999991787131092 6
1.9000008255821128 2
1.9000001665406523 2
1.9000001062758034 2
1.9000001108599887 2
1.899999300694879 2
1.90000012527785 2
1.900000564619967 2
1.9000005578627521 2
1.900000806427999 2
1.8999993069762244 2
1.899999162513353 0
1.9000008105260262 2
1.8999990389587618 0
1.9000006497227553 2
1.8999992351716342 2
1.900000796957558 2
1.8999992684021916 5
1.8999993029474516 2
1.9000007967355486 2
1.9000014272664623 2
1.9000006343633897 2
1.8999991268475578 0
1.8999992305421332 2
1.8999991655527895 0
1.8999992143022695 2
1.899999230548928 2
1.899999255427057 2
1.899999463573556 2
1.9000001055201652 2
1.8999992663698657 2
1.9000001252775114 2
1.8999991661495534 0
1.9000005552411465 2
1.9000001061234224 2
1.9000012852727475 2
1.8999992964959347 2
1.8999991357494468 0
1.8999998001565979 2
1.8999985847673744 0
1.9000004182802517 2
1.8999992144807731 5
1.9000005039392105 4
1.899999130332519 0
1.9000007982714906 2
1.8999992518542603 2
1.9000012900657872 2
1.8999991567400865 0
1.8999991309773694 0
1.9000001857200612 2
1.9000013087669785 2
1.9000005647011367 2
1.8999991689298275 0
1.9000001055014226 2
1.9000001061200216 2
1.899999464195819 2
1.8999994427604263 2
1.9000008148840817 2
1.8999994385110102 2
1.9000005944980758 2
1.89999899647855 0
1.8999991703788326 4
1.899999225801252 2
1.9000012673225646 2
1.8999991715489313 4
1.8999992477927599 2
1.9000007964789702 2
1.8999992368040477 2
1.9000007963772139 2
1.8999992216051118 2
1.8999991411316857 0
1.8999994739675858 2
1.8999991491304995 0
1.899999296079811 2
1.8999992555010863 2
1.8999985787426357 0
1.899999158163432 0
1.900000806427999 2
1.8999990940193061 0
1.9000012547494274 2
1.9000013300497163 2
1.8999991612864413 0
1.9000012422394537 2
1.8999998612095716 2
1.9000013335634214 2
1.8999991644650887 0
1.8999989823005574 0
1.9000007963003116 2
1.8999998602833414 2
1.900002748145772 7
1.8999991527940265 0
1.8999993923831469 2
1.899999108962207 0
1.899999225646504 2
1.9000027380100668 7
1.899999213909307 2
1.9000012461195617 2
1.900000806427999 2
1.9000001044207933 2
1.9000001779581208 2
1.9000013664254605 2
1.9000007219318011 2
1.8999994073196451 2
1.8999992754121182 2
1.900000398931526 2
1.8999954160569394 1
1.899999090543134 0
1.900001318633836 2
1.9000005558914979 2
1.9000004187452646 2
1.8999985917672149 0
1.9000015513831612 2
1.8999992847260556 2
1.8999985703587392 0
1.900000186524306 2
1.899999170512801 2
1.900002745095778 7
1.9000001842068428 2
1.899999385462381 2
1.89999541615454 1
1.900001583289494 2
1.8999991737905333 5
1.89999856143474 0
1.8999993890503801 2
1.9000001055014284 2
1.8999952646363172 1
1.9000006609876363 2
1.899999220346558 2
1.8999991742935305 5
1.8999991627285617 0
1.8999994436397682 2
1.900000177333699 2
1.9000002537624527 2
1.9000001062434004 2
1.9000002372035816 2
1.8999992240781496 2
1.899998554210478 0
1.8999992960646668 2
1.8999993980539578 2
1.8999991336324529 0
1.899999444104771 2
1.899999222557829 2
1.8999985335240015 0
1.899999860380984 2
1.899999195163248 2
1.9000003143761603 2
1.900000394028421 2
1.8999991626716086 0
1.9000002170610737 3
1.8999991295877912 0
1.9000013030178913 2
1.8999991562706366 0
1.899999215309624 2
1.8999994014241102 4
1.899999168677591 0
1.9000001570798801 2
1.8999991964870493 2
1.9000012463758076 2
1.9000001060693268 2
1.8999992161420276 2
1.8999992806223682 2
1.9000007051862082 2
1.9000007955239127 2
1.8999990291537368 0
1.8999998612095716 2
1.8999991661505422 0
1.8999991786634913 2
1.9000005612922843 2
1.8999985760076012 0
1.9000027380495834 7
1.9000007973977493 2
1.9000001128143489 2
1.900000558914904 2
1.899999112072707 0
1.8999991576220818 0
1.899999170218002 2
1.8999996783644701 2
1.899999179357288 2
1.9000007384887319 4
1.9000027238058737 7
1.8999996754579718 2
1.8999992016470635 2
1.8999996806589676 2
1.8999991855997265 2
1.899999710166567 2
1.8999985833728104 0
1.8999997707829785 2
1.8999994026816827 4
1.8999993761747747 2
1.8999991945136172 2
1.8999985458324313 0
1.8999990876738866 0
1.899999677655696 2
1.900002721872939 7
1.8999997041186154 2
1.9000027235284895 7
1.8999992659321168 2
1.90000274557232 7
1.8999992123856102 5
1.8999992689263359 5
1.8999991739382067 2
1.8999992341730105 5
1.8999993811563531 2
1.900001247017845 2
1.8999986142951204 0
1.8999991233307298 0
1.8999985654407205 0
1.9000005830203945 2
1.90000126261618 2
1.899999175888013 2
1.8999991241797747 0
1.9000001794978105 2
1.8999991707817965 6
1.899999163872041 0
1.9000005669744908 2
1.8999992153651615 2
1.9000007968624644 2
1.9000008651482445 2
1.8999984690271785 0
1.8999992135423316 5
1.8999992820168952 2
1.9000005599447112 2
1.9000006357604566 2
1.8999992150283949 5
1.8999991823789104 5
1.8999992602610676 2
1.9000001061234224 2
1.8999990956562989 0
1.899999153673799 0
1.8999991358166484 0
1.8999997100946424 2
1.9000001856947661 2
1.9000005067792807 4
1.899999278299935 2
1.9000006307832937 2
1.900000556004883 2
1.900000724946306 4
1.8999985672787174 0
1.8999984525752356 0
1.9000001061234284 2
1.8999993035107725 2
1.9000001665406583 2
1.8999985784439728 0
1.899999116093486 0
1.9000005980834263 4
1.9000005981685122 4
1.900000213456598 3
1.8999992699628439 2
1.8999992324434591 2
1.8999992777322854 2
1.900000816524761 2
1.899998518977763 0
1.8999992549745752 2
1.9000008157031103 2
1.8999985968100364 0
1.8999985861277053 0
1.9000003307823807 2
1.8999992400416823 2
1.8999985887237223 0
1.9000005750422884 2
1.8999993368114376 2
1.8999993963937736 4
1.8999985528691108 0
1.900000724946306 4
1.8999998602816337 2
1.8999991520128223 0
1.9000007322946417 4
1.8999992107494699 5
1.9000001665407404 2
1.8999991646862442 0
1.9000004035892841 2
1.899999178739829 2
1.8999992251765991 5
1.8999993805476383 2
1.9000007961459127 2
1.8999994155352442 2
1.8999992185937202 2
1.8999994316613609 2
1.8999992683348585 5
1.8999991602296527 0
1.9000027223208016 7
1.9000012648648843 2
1.9000012704365896 2
1.9000007964249486 2
1.8999986067286525 0
1.9000002246014451 2
1.9000008262119044 2
1.9000001060874514 2
1.8999985796379146 0
1.8999993788168754 2
1.8999992344985406 2
1.9000005837394198 2
1.8999991736827346 5
1.900000106067803 2
1.8999991035896264 0
1.8999993979101735 2
1.8999992753542485 2
1.9000014613611504 2
1.900000418280265 2
1.8999993987849295 2
1.8999998473557715 2
1.8999984909337146 0
1.9000001258831165 2
1.8999991138269154 0
1.9000007963733085 2
1.9000001060695437 2
1.9000005739314647 2
1.9000006214733518 2
1.9000003207872405 2
1.899999383842889 2
1.8999991383579462 0
1.8999991711183812 2
1.9000005612847775 2
1.9000005561702793 2
1.8999993808630116 2
1.899999244296395 2
1.90000124614082 2
1.9000006356607948 2
1.9000007969676234 2
1.8999990997123815 0
1.8999993120699856 2
1.9000005641494737 2
1.8999991506301737 0
1.9000008160232522 2
1.9000008094377583 2
1.900000580430719 2
1.8999992401277337 2
1.900000502462083 4
1.9000005616949864 2
1.8999993856917399 2
1.8999985727674402 0
1.9000005034982372 4
1.9000001666285007 2
1.900001305914678 2
1.9000001060693517 2
1.900000578511902 2
1.9000001066748615 2
1.9000001060693268 2
1.9000012624879306 2
1.9000027245354818 7
1.8999992280461147 2
1.900000215149143 3
1.9000002170787795 3
1.9000013239288915 2
1.9000001056047895 2
1.8999984978531381 0
1.8999992589022254 2
1.8999994087079095 2
1.8999991512857677 0
1.9000012659254275 2
1.8999991516648804 0
1.900000565218783 2
1.900000113660899 2
1.9000001258831165 2
1.899999160054624 0
1.8999985272287565 0
1.9000006266933684 2
1.899999373824464 2
1.8999991272873944 0
1.9000012670804518 2
1.8999991256436417 0
1.8999993904484318 2
1.899999399469163 2
1.8999996374152635 2
1.8999996319804375 2
1.8999985336809928 0
1.899999171673637 2
1.9000002178271997 3
1.8999991537207797 0
1.8999991498871551 0
1.8999994834930631 2
1.900000280207175 2
1.900000287326379 2
1.9000001061234284 2
1.8999952024335791 1
1.9000008155061212 2
1.8999991139228714 0
1.8999993055239073 2
1.899999150621919 0
1.899999076182521 0
1.899999170029516 1
1.899999324185035 2
1.8999990996388074 0
1.900000555852794 2
1.899999124369356 0
1.8999992511177237 2
1.9000001062813436 2
1.9000007968405777 2
1.8999998603349564 2
1.9000012602348524 2
1.8999991648212582 0
1.8999991615550638 0
1.899998586054692 0
1.8999990694908973 0
1.8999994644848806 2
1.8999992250217994 5
1.8999952458548404 1
1.8999992270742114 5
1.9000005613504773 2
1.9000001061233975 2
1.900001251440289 2
1.8999985130207482 0
1.900001268915692 2
1.8999992091692333 2
1.8999985727182018 0
1.899998550663589 0
1.900000339802878 2
1.8999991295714023 0
1.8999986001275644 0
1.8999991272500492 0
1.8999998602819592 2
1.9000027235735273 7
1.9000003248672364 2
1.8999995296951102 4
1.9000007318665133 4
1.899999170186494 6
1.8999952272259057 1
1.8999991707699444 2
1.900002747160784 7
1.8999985976982185 0
1.9000027468010783 7
1.9000027473788512 7
1.8999991731186048 4
1.899999307446756 2
1.8999985974976052 0
1.8999992721529226 2
1.8999992976834197 4
1.9000027233224877 7
1.8999991710201738 7
1.8999985285732932 0
1.8999992151508258 5
1.8999985880152432 0
1.900002750244893 7
1.8999992483771484 2
1.8999992325031485 2
1.8999992693092143 5
1.89999854282618 0
1.9000007490126627 4
1.899998613017084 0
1.8999991252569355 0
1.8999985747631714 0
1.8999984853741443 0
1.8999991921225798 2
1.899999179860322 2
1.899998611149444 0
1.8999997726673892 2
1.899998506519946 0
1.8999992769790501 5
1.899999214106799 5
1.9000001061242524 2
1.8999985323971873 0
1.9000007964646977 2
1.8999997721576687 2
1.8999991273865657 0
1.8999984590119288 0
1.8999992771494554 5
1.9000006028518837 4
1.8999985285732932 0
1.89999842277287 0
1.9000003569814148 2
1.900000569999564 2
1.8999986190628482 0
1.9000001078757345 2
1.90000010777345 2
1.8999985374778863 0
1.8999986096540473 0
1.9000005997210554 2
1.8999991617879541 0
1.900000828040465 2
1.9000006368256224 2
1.8999985228113545 0
1.899999236984532 5
1.8999992666008108 2
1.9000027501384047 7
1.9000027487529416 7
1.8999991329101982 0
1.9000001061234224 2
1.8999991703216623 2
1.9000001252775114 2
1.9000002369090339 2
1.900000645098865 2
1.9000008155060817 2
1.900000724946306 4
1.900001325552936 2
1.8999985503250099 0
1.8999992770101635 2
1.9000013752410116 2
1.9000013542838798 2
1.8999992135497537 5
1.8999991477122515 0
1.8999992990520032 2
1.900000106123423 2
1.90000010618933 2
1.9000005800575008 2
1.9000003755229522 4
1.9000007963519265 2
1.8999993031871107 2
1.9000012837170748 2
1.899999162328985 0
1.9000001061234073 2
1.9000005025547455 4
1.899998409544974 0
1.900000555878436 2
1.8999992454392611 2
1.9000005749910762 2
1.9000008155030397 2
1.9000005612482618 2
1.9000013086270504 2
1.8999991719930662 5
1.89999914904392 0
1.8999993909316857 2
1.9000008163277624 2
1.899999226130154 2
1.900001306181841 2
1.8999992226465356 2
1.900001323617117 2
1.9000003795490066 2
1.9000008277030473 2
1.9000012750615003 2
1.899999297631283 2
1.9000027468010783 7
1.9000002180009745 3
1.900001381580409 2
1.9000005895195629 2
1.9000005645764044 2
1.8999992528234402 2
1.899999216315301 2
1.8999985550343819 0
1.9000012768522765 2
1.9000001056049816 2
1.9000005610064563 2
1.9000008149093266 2
1.9000012555089547 2
1.9000001128137511 2
1.9000001856947661 2
1.9000007963519254 2
1.9000007963519667 2
1.8999993236811221 2
1.8999998507075797 2
1.8999998507463818 2
1.8999993993976123 2
1.8999984869506241 0
1.8999993892936384 2
1.8999985177297334 0
1.9000001831356188 2
1.900000798675836 2
1.9000003139064656 2
1.8999991281864765 0
1.899999097230078 0
1.9000005548300618 2
1.8999991415482098 0
1.9000003757821247 4
1.8999991143436548 0
1.9000012592041324 2
1.9000007002696122 2
1.9000001061234224 2
1.8999986051785036 0
1.8999985596955897 0
1.8999996598930537 2
1.9000008169800768 2
1.9000008155060817 2
1.9000001153121284 2
1.8999984784803545 0
1.9000001665406523 2
1.8999954009645292 1
1.8999993185107515 2
1.900000627630849 2
1.9000001914733724 2
1.899999829368681 2
1.9000001061234224 2
1.9000001878629698 2
1.9000027233669976 7
1.8999984362164721 0
1.8999985773320338 0
1.9000001067290029 2
1.8999990976614418 0
1.899999093433539 0
1.900001269336525 2
1.8999991591611949 0
1.90000079694234 2
1.8999985685993466 0
1.8999985812446707 0
1.900000796351968 2
1.899998556490952 0
1.8999991575751802 0
1.899999743374839 2
1.899999743374839 2
1.899999743374839 2
1.899999743374839 2
1.8999997433748383 2
1.899999743374839 2
1.8999985285258811 0
1.900001360853429 2
1.900000590214419 2
1.8999990993711364 0
1.9000007969593806 2
1.899999258420597 2
1.900000549715033 2
1.9000005564411497 2
1.8999991753248937 2
1.9000005559054753 2
1.90000061530473 2
1.8999985365250156 0
1.9000001801856046 2
1.8999992422181393 2
1.8999992472617706 2
1.9000027233669976 7
1.8999991255169553 0
1.899999155067842 0
1.899999045446248 0
1.899999399179557 2
1.899999126313887 0
1.8999992305937952 2
1.8999990882830846 0
1.8999992525764462 2
1.9000001056047897 2
1.8999991611958196 0
1.9000012794965206 2
1.900001246479004 2
1.9000001055014226 2
1.9000001246014655 2
1.9000005846352264 2
1.899999303555329 2
1.9000001965831315 2
1.9000007987601415 2
1.899999157246006 0
1.9000008071676913 2
1.8999991649606134 0
1.8999994406797656 2
1.900001272033738 2
1.899999152390563 0
1.8999993204655903 2
1.8999991341571671 0
1.8999991267560374 0
1.9000001252775363 2
1.9000005560227786 2
1.900000628768118 2
1.8999991897697934 2
1.9000003490667428 2
1.8999985728871558 0
1.9000012470857879 2
1.8999991541143686 0
1.9000012470839682 2
1.9000001061234224 2
1.8999992595418573 2
1.9000012720102772 2
1.9000001065070031 2
1.8999953199754323 1
1.900000637149909 2
1.9000001061234224 2
1.8999996460499298 2
1.9000005614653037 2
1.900000658371198 2
1.8999991054757162 0
1.8999991304098807 0
1.9000001061234213 2
1.9000007963373817 2
1.900000106123456 2
1.900001311750655 2
1.9000001061233966 2
1.9000012754496232 2
1.8999952637663258 1
1.8999993780889735 2
1.9000005538624902 2
1.9000005808760994 2
1.8999997180322232 2
1.900001252814235 2
1.8999990943199456 0
1.8999985814096396 0
1.899995319968445 1
1.8999952639332536 1
1.8999991643571377 0
1.8999994672133618 2
1.900000559008839 2
1.9000006769389983 2
1.8999990696081988 0
1.8999951692945642 1
1.9000001060693517 2
1.8999991262263656 0
1.9000001258290287 2
1.8999998727441243 2
1.8999985952139276 0
1.9000005612843351 2
1.900000641049203 2
1.9000012552350667 2
1.8999986132421054 0
1.8999985434033104 0
1.899998542250543 0
1.9000003720651861 2
1.9000003718816887 2
1.899998511209962 0
1.9000005991116435 4
1.8999985524370537 0
1.8999985619631075 0
1.9000005573078935 2
1.899998542640125 0
1.8999991606509268 0
1.9000001060693517 2
1.899999063866303 0
1.9000008083444255 2
1.8999991545857797 0
1.9000001061234213 2
1.8999954170108226 1
1.9000001608852437 2
1.8999985824992682 0
1.9000007957299863 2
1.900000857272198 2
1.8999985471180514 0
1.9000007969159014 2
1.899995252734013 1
1.9000001060693503 2
1.8999993781988371 2
1.8999984681099222 0
1.8999991356316395 0
1.9000001665406523 2
1.8999985505914012 0
1.8999952386869192 1
1.9000027241306683 7
1.8999985799615404 0
1.8999992208729106 5
1.899999169667391 0
1.8999952523397041 1
1.8999992627673568 5
1.900002740188667 7
1.9000027458527005 7
1.9000027401887598 7
1.9000027222560207 7
1.899999370292605 2
1.900002749652305 7
1.9000008712807115 2
1.8999991283178155 0
1.9000001272550904 2
1.9000012802188193 2
1.9000006281332238 2
1.9000001665406523 2
1.9000001876659276 2
1.900000815524583 2
1.9000001100229948 2
1.9000013260109585 2
1.9000005822801869 2
1.9000007965200718 2
1.9000001673083309 2
1.9000001665406951 2
1.9000001246565572 2
1.899999135280311 0
1.9000007365228908 2
1.9000006140448813 2
1.9000001665406516 2
1.9000012602278435 2
1.900000796351968 2
1.900000678456972 2
1.9000012449651187 2
1.9000006252303572 2
1.899999306148897 2
1.899999714292657 2
1.8999992619544945 2
1.899999051064968 0
1.8999993790070289 2
1.8999993803980615 2
1.899999379049546 2
1.8999993797269226 2
1.899999398210129 2
1.8999993790542344 2
1.900001326652814 2
1.9000006350914156 2
1.8999985435245452 0
1.8999995277585617 4
1.9000027489003808 7
1.9000015423723806 2
1.900000815866717 2
1.9000027246840188 7
1.8999985657983067 0
1.8999985669687842 0
1.8999985870795084 0
1.8999990463285585 0
1.8999993988475201 2
1.8999992247451125 2
1.9000012603873475 2
1.9000013284278536 2
1.9000008266010224 2
1.8999992553713414 2
1.8999992057039923 5
1.90000064303919 2
1.9000012619473017 2
1.9000008155060806 2
1.8999998610123732 2
1.900000578572274 2
1.9000009011325334 2
1.8999991608235076 0
1.8999991694827494 2
1.9000001061234213 2
1.8999991657101925 0
1.8999985613133776 0
1.8999990598928074 0
1.9000027484122948 7
1.9000027466334573 7
1.9000027460003417 7
1.9000012553980032 2
1.9000008083222757 2
1.9000012724073567 2
1.900000816225098 2
1.9000012595951146 2
1.8999991525151294 0
1.8999991691748086 0
1.8999985417313594 0
1.9000007421316494 4
1.8999985349748425 0
1.899995160826967 1
1.8999991690380684 6
1.8999992336682372 2
1.900000375916261 4
1.9000007308890094 4
1.9000027311320533 7
1.9000027315177819 7
1.8999991795981976 6
1.900000733387848 4
1.8999951920477278 1
1.8999991154325604 0
1.8999990956574409 0
1.8999991693130722 0
1.8999991576167472 0
1.8999986068326535 0
1.9000001673407922 2
1.899998518719067 0
1.899999157018852 0
1.8999991638724207 0
1.8999990468982255 0
1.8999984880611915 0
1.8999985786352607 0
1.9000027310629881 7
1.8999985146443117 0
1.8999991291313343 0
1.8999953862589283 1
1.8999992135647827 5
1.899999166738561 0
1.8999991564746486 0
1.8999985743315968 0
1.8999991321953094 0
1.9000008344648394 2
1.9000007970044999 2
1.9000008155483952 2
1.9000008158362982 2
1.8999985848692167 0
1.8999993776238735 2
1.9000008170182519 2
1.9000006194572046 2
1.899998523951251 0
1.8999990778393032 0
1.8999991691752578 0
1.8999991642877991 0
1.8999985012053828 0
1.8999985116026807 0
1.8999985309101757 0
1.8999985053886372 0
1.8999951696586523 1
1.899998609756356 0
1.8999995257983158 4
1.8999985941330626 0
1.899999156854214 0
1.8999991602477169 0
1.8999991482879488 0
1.9000012483657835 2
1.8999984971986559 0
1.8999998622897767 2
1.9000007985556941 2
1.8999954151575211 1
1.899999705525737 2
1.8999985431832118 0
1.9000007249652386 2
1.8999984661587246 0
1.89999916229944 0
1.8999991618854493 0
1.899998577700497 0
1.8999991589135707 0
1.900000168649685 2
1.8999991288454054 0
1.9000013471676638 2
1.9000001885370752 2
1.89999916725144 0
1.8999991590755843 0
1.900001401549312 2
1.8999991226926565 0
1.8999991157375897 0
1.899999158425679 0
1.899999102561574 0
1.900001270917535 2
1.8999991154735745 0
1.8999991040449757 0
1.899999098528193 0
1.8999990816466645 0
1.8999986200993773 0
1.9000006772743516 2
1.8999986121286523 0
1.8999991228049498 0
1.9000006355055366 2
1.899999110385665 0
1.8999991258692075 0
1.8999990824047395 0
1.8999986136567528 0
1.8999985457844533 0
1.8999991061410084 0
1.899999223556957 5
1.8999985929748717 0
1.89999922442618 5
1.8999991213695775 0
1.9000008347025077 2
1.8999991145955528 0
1.9000008010145537 2
1.8999989974097464 1
1.9000006021336062 4
1.899998482140779 0
1.8999991621337844 0
1.8999985809278974 0
1.8999984600499942 0
1.8999991080306498 0
1.899995234776044 1
1.900000330552132 2
1.8999991541734462 0
1.8999984982894864 0
1.8999985663422687 0
1.899995414708381 1
1.8999990609967647 0
1.8999985373337485 0
1.8999991405383314 0
1.899999128924241 0
1.9000008036968468 2
1.9000012595953055 2
1.8999991626792603 0
1.8999996302000977 2
1.8999986083018636 0
1.900000797682678 2
1.9000012512782558 2
1.8999991396486888 0
1.8999991569416042 0
1.9000007988865146 2
1.8999984953856663 0
1.89999524263941 1
1.8999952589985385 1
1.899999148847678 0
1.8999990979581407 0
1.9000008154997179 2
1.8999991348290695 0
1.8999984625254274 0
1.899998510860566 0
1.8999991291095748 0
1.9000007992182983 2
1.89999912497102 0
1.8999991158043654 0
1.8999991673572683 0
1.8999991081624523 0
1.899999016072672 0
1.8999985198676124 0
1.8999990173479866 0
1.8999991019225082 0
1.8999985277380138 0
1.899998580039771 0
1.8999952472078288 1
1.8999985129786132 0
1.8999992324298682 5
1.8999993962364248 4
1.8999992335713793 2
1.8999951946784979 1
1.9000005047961133 4
1.899999736849471 2
1.8999997204542425 2
1.8999985918627256 0
1.8999984656591438 0
1.8999993112904112 5
1.8999996693582366 2
1.8999991649371852 6
1.8999953172784734 1
1.8999992795693572 5
1.9000005028767084 4
1.9000007466768278 4
1.9000027478553516 7
1.899998577098953 0
1.8999993259149395 5
1.899998519874521 0
1.8999985472640581 0
1.8999991331877781 0
1.899998469787843 0
1.899995317277548 1
1.8999993420473928 2
1.9000007438782327 2
1.9000002054314833 2
1.8999991270169683 0
1.9000008069095662 2
1.899999141659061 0
1.9000001667241486 2
1.8999991446744964 0
1.8999991687017674 6
1.899999300671952 5
1.8999991663685514 0
1.8999984500786826 0
1.9000013037432024 2
1.899999130267483 0
1.900000502332569 4
1.8999990663912343 0
1.9000007252013116 2
1.8999985011480451 0
1.8999985384125098 0
1.8999991251026027 0
1.8999991279960173 0
1.8999991333031614 0
1.9000013111084362 2
1.8999992960610539 5
1.900000815317094 2
1.9000027232932288 7
1.9000005611800017 2
1.9000001864661256 2
1.8999953822936269 1
1.900000166667567 2
1.8999990183518964 0
1.8999991256480657 0
1.8999985332243932 0
1.8999991602991264 0
1.899995192584772 1
1.9000001441894212 2
1.8999991022691585 0
1.9000027476876538 7
1.9000003792740865 4
1.89999538124729 1
1.899999167210832 0
1.9000006636941464 2
1.8999991582061901 0
1.899998468866274 0
1.8999991345838239 0
1.8999991904311218 7
1.8999991548165827 0
1.900000661575102 2
1.900000827141702 2
1.8999990986281547 0
1.9000008157683823 2
1.8999991794080553 6
1.9000001686496861 2
1.8999998986855375 2
1.8999985624668405 0
1.8999952322768265 1
1.8999991216747076 0
1.8999991615618825 0
1.8999985871678244 0
1.899998450594836 0
1.8999985574433271 0
1.8999991302813035 0
1.8999991851239724 6
1.8999991594019703 0
1.8999952648619987 1
1.899999158236183 0
1.8999985003670485 0
1.8999985831430521 0
1.8999998811998327 2
1.9000005942012625 2
1.899999172839662 2
1.8999985395810426 0
1.900002723014852 7
1.9000006281494732 2
1.8999991730175068 6
1.9000007963505918 2
1.8999998803290905 2
1.8999985469662182 0
1.9000027458825628 7
1.9000003131953098 2
1.9000003159391858 2
1.9000007970716728 2
1.9000001255825125 2
1.8999985000662343 0
1.9000012998575315 2
1.8999991733497057 6
1.8999952372296385 1
1.8999985488779625 0
1.8999991636129223 0
1.8999990975818328 0
1.8999991611124742 0
1.900001260695778 2
1.9000001511859268 2
1.8999991792287532 6
1.899999264620023 5
1.9000007281985454 4
1.900000621179685 4
1.8999985571603888 0
1.8999991908649958 6
1.9000027386778515 7
1.8999991701064485 0
1.899998445981605 0
1.89999930984353 2
1.8999996790627196 2
1.9000007441120683 4
1.8999952439972745 1
1.8999992627246212 2
1.8999996782814756 2
1.8999986168282672 0
1.8999997776885547 2
1.9000027454400201 7
1.9000007300088195 4
1.8999951934342112 1
1.8999985186017276 0
1.8999992977496323 4
1.900000621179685 4
1.9000027220495734 7
1.8999997841732603 2
1.9000007441120683 4
1.8999985909028296 0
1.8999990517091407 0
1.8999991700963592 0
1.899999101932134 0
1.899999043354719 0
1.8999991176526807 0
1.899998564036979 0
1.8999985500356116 0
1.8999985958494814 0
1.9000013727820486 2
1.8999991124283002 0
1.9000005072074804 4
1.8999985885999167 0
1.900000196516917 2
1.8999986129689124 0
1.900000827829985 2
1.9000006781560743 2
1.8999951699369768 1
1.900000797159223 2
1.8999991429790688 0
1.8999990959597404 0
1.8999991687082445 0
1.9000006449271236 2
1.9000008072099686 2
1.8999991153340634 0
1.899995266384161 1
1.8999990789777348 0
1.8999984973810469 0
1.8999990628016807 0
1.8999991664236382 0
1.8999991732756285 5
1.8999993964331447 4
1.8999992698758383 5
1.8999952663665935 1
1.8999952613274822 1
1.8999990916476814 0
1.8999991626684218 0
1.8999985662637846 0
1.8999952529651287 1
1.8999952663938773 1
1.89999525379953 1
1.9000008160461477 2
1.8999952613272157 1
1.9000008160870823 2
1.8999952663660045 1
1.8999952663604271 1
1.8999952663660054 1
1.8999952663660054 1
1.9000012672833437 2
1.8999998650715626 2
1.900000362721779 2
1.900001266482484 2
1.9000003500278837 2
1.8999952469699273 1
1.8999991223316033 0
1.9000008162774489 2
1.8999952486602703 1
1.899995246284373 1
1.899999019430778 1
1.899995246303865 1
1.8999952663662483 1
1.8999990525858814 0
1.8999952529457023 1
1.8999952479323048 1
1.9000012628267517 2
1.8999952486899259 1
1.8999954161342043 1
1.8999991243262604 0
1.8999997358017553 2
1.8999991156404128 0
1.8999952663604072 1
1.899995252939827 1
1.899995247913244 1
1.8999991086600647 0
1.900000177898245 2
1.8999952663968953 1
1.900001263789606 2
1.900000692397714 2
1.90000018607835 2
1.9000027444198473 7
1.8999952529971702 1
1.8999991405683725 0
1.8999991776886098 6
1.8999991673538243 0
1.8999990894441128 0
1.899998562318747 0
1.8999991324743113 0
1.899999177680532 6
1.8999991702634293 7
1.9000001666900184 2
1.9000006278135184 2
1.8999991129286333 0
1.8999985613904478 0
1.8999991592440155 0
1.9000005035123166 4
1.899999138417522 0
1.8999991569202725 0
1.8999991475669946 0
1.899999167864534 0
1.8999984389789226 0
1.8999998619040304 2
1.9000006224346266 2
1.8999991684563002 0
1.8999990763914165 0
1.8999991375612209 0
1.8999990405995424 0
1.8999985407282958 0
1.899998558376368 0
1.9000027310313585 7
1.9000012482011415 2
1.899999141211405 0
1.9000013228823514 2
1.900000392719028 4
1.9000007445240956 4
1.8999997625298963 2
1.9000027246480515 7
1.899999140576517 0
1.9000027384280946 7
1.899999232994575 2
1.899999170027924 0
1.8999984891213135 0
1.899999309374298 2
1.9000027368269068 7
1.8999952632887178 1
1.8999991910933298 6
1.8999991411606176 0
1.8999991883386798 6
1.899999181436909 6
1.8999991391773665 0
1.899999158144757 0
1.90000037569234 4
1.8999991776283565 6
1.8999990542097225 0
1.8999951695976336 1
1.8999990802026352 0
1.8999985506743853 0
1.9000008256241507 2
1.8999985425205113 0
1.8999991650928838 0
1.900002728289929 7
1.900000728916647 4
1.9000007979436087 2
1.9000007979436087 2
1.8999991770010312 2
1.9000006614570168 2
1.8999991457222014 0
1.899998542619291 0
1.8999952663628656 1
1.9000007323926351 4
1.8999952479425624 1
1.8999991701110408 6
1.899999158160506 0
1.8999991570161754 0
1.899999170268512 6
1.8999991593733387 0
1.8999986082418459 0
1.8999998808107377 2
1.899999168392808 0
1.899999082599068 0
1.899998582354563 0
1.899999168431158 0
1.9000008014136112 2
1.8999985639370576 0
1.8999991402098484 0
1.9000027293387285 7
1.899999154940473 0
1.8999991587369418 0
1.899998601761969 0
1.8999951739618506 1
1.8999991534905136 0
1.8999991498755446 0
1.8999952457333602 1
1.9000027207720183 7
1.8999991106530147 0
1.9000001966940463 2
1.8999991624033212 0
1.9000001864658698 2
1.8999990613929598 0
1.8999991352562624 0
1.8999991576392952 0
1.8999991263004574 0
1.8999985218367275 0
1.8999985959172836 0
1.899998577432985 0
1.899999092455248 0
1.8999985386971918 0
1.8999990959970603 0
1.8999991701037242 0
1.9000006497684119 2
1.8999991194258035 0
1.8999985108090667 0
1.899999042110551 0
1.9000008256732805 2
1.8999985207545602 0
1.8999991701309757 0
1.9000001085141491 2
1.9000006427642009 2
1.9000027411369096 7
1.8999985999453286 0
1.8999991272503522 0
1.899999161781904 0
1.8999985177962393 0
1.899999152354616 0
1.8999991685590012 0
1.8999991501793996 0
1.8999991005050036 0
1.9000008162774475 2
1.8999990761019245 0
1.89999912317432 0
1.8999991705220005 5
1.899999089678688 0
1.8999991423330012 0
1.9000012910637292 2
1.9000003234805423 2
1.8999991690801594 0
1.9000008255052045 2
1.899998563218294 0
1.8999990679364762 0
1.9000027210158719 7
1.899998533402974 0
1.9000008092186955 2
1.8999985760442055 0
1.8999990854841333 0
1.8999985454717052 0
1.900001252772884 2
1.8999985594006934 0
1.8999990846265309 0
1.9000007968367136 2
1.8999991323719827 0
1.8999991400773257 0
1.8999985702583713 0
1.9000007985204075 2
1.8999990630852936 0
1.8999991587641352 0
1.9000008156753097 2
1.9000008270318425 2
1.8999985679386693 0
1.8999994009641987 4
1.8999993143842226 4
1.899999223582623 5
1.8999991784991157 6
1.8999953997833032 1
1.899995155216003 1
1.8999991684227941 0
1.899995342293543 1
1.8999953207299423 1
1.8999985343636974 0
1.8999953063512396 1
1.8999985124974497 0
1.900000733254082 4
1.900000509305474 4
1.8999996827680594 2
1.8999992972438975 4
1.9000027225995189 7
1.9000005023485815 4
1.900002722792751 7
1.9000005023070348 4
1.8999953069876383 1
1.9000006019924107 4
1.899995155104867 1
1.89999533846772 1
1.899999680421348 2
1.8999996834095263 2
1.9000027218742432 7
1.8999997773304294 2
1.8999991155945837 0
1.899999168914225 0
1.8999991008046857 0
1.900000797196287 2
1.8999998919858694 2
1.9000013560445173 2
1.8999991001801517 0
1.9000012910990831 2
1.9000007968920831 2
1.8999985094794127 0
1.9000003120340354 2
1.90000132011755 2
1.8999985962517474 0
1.900000312835582 2
1.9000008162774367 2
1.9000027231170011 7
1.8999991029604062 0
1.899998534839192 0
1.9000006220677585 2
1.9000005754411382 2
1.8999991593764494 0
1.8999985207377752 0
1.900001280254008 2
1.8999991069280628 0
1.8999984179397773 0
1.899999035977625 0
1.8999990829281128 0
1.8999991527914417 0
1.8999991534717289 0
1.8999991300867183 0
1.9000001282582342 2
1.8999991432569328 0
1.899999863451569 2
1.899999159417846 0
1.900000168658164 2
1.8999985144257068 0
1.8999985758287714 0
1.9000013342771336 2
1.8999991686390776 0
1.8999991304021155 0
1.8999991233663804 0
1.8999990819790822 0
1.8999991075216889 0
1.899998585027164 0
1.9000013015360029 2
1.8999991638062959 0
1.9000007971518567 2
1.8999991696321923 0
1.899998416786571 0
1.8999991265795542 0
1.8999984060912645 0
1.8999996435955755 2
1.8999991321315333 0
1.8999991314394609 0
1.8999991494930735 0
1.8999991356290373 0
1.8999990890925222 0
1.8999991463460866 0
1.8999993970045495 4
1.8999986064258927 0
1.900001312346694 2
1.9000007101716914 2
1.9000003123339326 2
1.8999992527879987 2
1.8999985320130528 0
1.899998467088118 0
1.9000007968920831 2
1.899999090324738 0
1.9000003103578254 2
1.9000013153686615 2
1.8999991668917913 0
1.8999991253526078 0
1.8999991383052308 0
1.899998569080281 0
1.8999985900008087 0
1.8999952282763188 1
1.8999990366025188 0
1.8999985506363537 0
1.899999139821568 0
1.8999951720471842 1
1.9000008252340057 2
1.9000013085926906 2
1.8999991237691687 0
1.899999115615554 0
1.900001318601203 2
1.8999991299098844 0
1.8999998995302978 2
1.899999161167961 0
1.8999991595865482 0
1.8999991154882003 0
1.899998574074496 0
1.8999985309412712 0
1.8999991735216757 6
1.9000001670807183 2
1.8999986034822178 0
1.8999991293581828 0
1.8999991569239125 0
1.8999991425350404 0
1.8999991255642446 0
1.8999991610961044 0
1.899998510191251 0
1.8999991405152838 0
1.9000006615111034 2
1.899999167879031 0
1.899995403369756 1
1.8999985801127033 0
1.9000003129296283 2
1.899999154558179 0
1.8999991323719774 0
1.8999991512010506 0
1.8999990518098158 0
1.8999991271257106 0
1.8999991580810711 0
1.9000003211929113 2
1.8999985647626465 0
1.8999991274650327 0
1.8999985374806394 0
1.900000219422139 3
1.8999991638663094 0
1.900000333216628 2
1.8999991512102192 0
1.8999991608513722 0
1.9000007968920338 2
1.8999991027922343 0
1.8999990955527484 0
1.8999986017188333 0
1.8999992024460004 5
1.8999991701390349 5
1.8999991762996888 5
1.8999951538612194 1
1.8999992356464823 5
1.899995170247038 1
1.8999991701461296 5
1.899999237091316 5
1.8999992097895984 5
1.9000006021116878 4
1.900000379270927 4
1.8999991787256458 6
1.8999990359023322 0
1.8999991165977428 0
1.90000073376489 4
1.8999985322911486 0
1.9000007335295819 4
1.899999171768118 5
1.8999992101945558 5
1.8999992265969101 5
1.899999209942401 5
1.8999991974086723 5
1.8999991717433944 5
1.8999991801953633 5
1.8999992192180684 5
1.899995416034302 1
1.8999953571409345 1
1.9000012753244602 2
1.900000166540652 2
1.8999985087700129 0
1.9000001765914223 2
1.9000001759694376 2
1.9000013389207504 2
1.900001354272581 2
1.9000001161708069 2
1.9000007279200901 2
1.8999984695394943 0
1.9000007169126332 2
1.90000079648965 2
1.8999991157904494 0
1.9000005195668306 4
1.9000012570358575 2
1.9000005195671292 4
1.9000007507185044 4
1.9000008249348668 2
1.9000008064027538 2
1.9000012753402329 2
1.9000013355927041 2
1.9000001154981367 2
1.900000701296345 2
1.9000013191562868 2
1.900000718432441 2
1.9000008255568668 2
1.9000012807627638 2
1.9000001762378336 2
1.9000006709756307 2
1.8999991295763796 0
1.9000001167797866 2
1.9000001957455512 2
1.9000006454430296 2
1.899999145474068 0
1.9000008255568683 2
1.9000012556425132 2
1.9000001765914374 2
1.8999985711323297 0
1.9000007192305919 2
1.900001279390292 2
1.9000008064027532 2
1.9000008064027532 2
1.9000006337250237 2
1.9000006455131453 2
1.9000008064027532 2
1.9000006166296828 2
1.900000815013762 2
1.900001345109512 2
1.9000012773204822 2
1.9000008064027532 2
1.8999992413757598 2
1.9000008064029779 2
1.9000013223630743 2
1.9000005831023798 2
1.9000001161741817 2
1.899999323175441 5
1.8999991759088777 6
1.9000007367480947 4
1.9000005023350226 4
1.9000001765914374 2
1.9000008064027532 2
1.899995167345878 1
1.9000006252449273 2
1.9000012601560436 2
1.9000005195947132 4
1.9000008064027536 2
1.9000006151738833 2
1.900000806403583 2
1.9000012499964951 2
1.900001274578654 2
1.8999991700272596 0
1.8999985643477133 0
1.9000005848217036 2
1.900001329159036 2
1.9000001765914374 2
1.9000006394911073 2
1.8999990560578872 0
1.900001310061144 2
1.9000006252449273 2
1.900000166540652 2
1.8999984590345507 0
1.9000001765914374 2
1.900001282109115 2
1.8999986085925664 0
1.900000575321436 2
1.899999107738056 0
1.9000012606459171 2
1.900000118271104 2
1.9000008064027116 2
1.9000015441293845 2
1.9000005885079048 2
1.9000012809193407 2
1.899999223559733 5
1.8999991749303027 5
1.899999157793061 0
1.9000001765914374 2
1.9000008064027532 2
1.9000005849313384 2
1.9000013184866869 2
1.9000001161708056 2
1.9000001068828196 2
1.9000001673559337 2
1.9000008063510907 2
1.9000015445158525 2
1.9000005597658873 2
1.9000005654139016 2
1.9000005666414272 2
1.900000816212007 2
1.9000001759979557 2
1.8999992307796807 5
1.9000005639105706 2
1.8999984867588395 0
1.9000012651003664 2
1.8999998603349966 2
1.9000005797017718 2
1.9000001965672006 2
1.900000566016088 2
1.9000001161741817 2
1.9000008143918037 2
1.9000012812268023 2
1.9000005844961283 2
1.900000644894414 2
1.8999985419306176 0
1.8999985845132048 0
1.90000081527478 2
1.900000639024645 2
1.9000012553083123 2
1.8999993989670727 4
1.9000001346520667 2
1.9000008255568668 2
1.9000005659422134 2
1.9000005965158984 2
1.8999952462885366 1
1.9000008255568668 2
1.9000012595867937 2
1.9000008064653484 2
1.8999991687806095 0
1.9000013326273872 2
1.9000008064027518 2
1.9000006340805724 2
1.89999917014836 6
1.9000012617013478 2
1.9000008064036142 2
1.9000012804203847 2
1.9000012630263226 2
1.9000008255568155 2
1.8999985399243176 0
1.8999952654017145 1
1.9000001957455512 2
1.8999991304740975 0
1.9000005863580278 2
1.8999991725400014 7
1.9000008064027518 2
1.9000008255568657 2
1.9000008152747805 2
1.8999954147235263 1
1.9000012611590844 2
1.9000012562604875 2
1.9000008068774485 2
1.8999991599867487 0
1.9000012461712015 2
1.899998592199607 0
1.9000001353249194 2
1.8999999279326745 2
1.9000005651005967 2
1.8999991951047974 5
1.9000006337412472 2
1.9000008253577132 2
1.9000008156329975 2
1.9000012500033245 2
1.9000001979137988 2
1.8999993375490427 2
1.900001266298561 2
1.9000012745804662 2
1.900001263399166 2
1.8999991199490607 0
1.8999998914326015 2
1.9000012933223653 2
1.900000566062496 2
1.9000007293846473 4
1.9000012685725054 2
1.9000008836954878 2
1.9000003455543557 2
1.900000592754085 2
1.9000008064027518 2
1.89999916686434 0
1.9000005730848994 2
1.9000001673542093 2
1.9000008255568668 2
1.9000006325314411 2
1.9000008063963836 2
1.9000012559107886 2
1.9000007978428126 2
1.90000128039842 2
1.9000008255756358 2
1.8999991462816985 0
1.9000006313391755 2
1.9000001759694376 2
1.9000005552666448 2
1.9000012614320356 2
1.9000001962661408 2
1.9000006155489912 2
1.9000012852111925 2
1.899998527126363 0
1.899999169379945 6
1.9000014080504142 2
1.9000008064027532 2
1.8999954161180974 1
1.9000012708515628 2
1.9000012701674562 2
1.9000001756679572 2
1.8999991647971755 0
1.9000012468324936 2
1.9000008255568657 2
1.9000012661882257 2
1.9000005840909608 2
1.9000001161201356 2
1.899995417021008 1
1.8999991812814496 2
1.9000008255568643 2
1.90000125915255 2
1.900001285814589 2
1.9000012682993521 2
1.89999541678837 1
1.899999140229893 0
1.9000009235447357 2
1.9000005739448647 2
1.9000013085196419 2
1.9000012562617026 2
1.9000008252281098 2
1.9000001699140867 2
1.8999991063152288 0
1.900000185072767 2
1.900002724405543 7
1.9000012918791698 2
1.899999019505124 1
1.899999134333116 0
1.9000001665342838 2
1.899998474090386 0
1.9000013498967805 2
1.9000001065626837 2
1.8999952469378065 1
1.9000001656965477 2
1.9000006270846976 2
1.9000001957455512 2
1.8999991745416693 6
1.8999952479226814 1
1.8999991218350343 0
1.9000001353269442 2
1.8999990474688286 0
1.9000001759694367 2
1.9000008068472283 2
1.8999984706955915 0
1.9000012792106573 2
1.900000808553719 2
1.900000615821121 2
1.8999991304521193 0
1.8999986230100785 0
1.9000027240362223 7
1.899999396177053 4
1.8999991139659065 0
1.9000013305336683 2
1.9000008063510896 2
1.9000006230360909 4
1.900001272257827 2
1.9000008152708758 2
1.8999991681383686 2
1.899998513092189 0
1.8999996911950041 2
1.8999954144596107 1
1.899999924201298 2
1.9000008064027532 2
1.9000027471238001 7
1.9000001358798297 2
1.8999985723704242 0
1.9000007985026826 2
1.9000005808392253 2
1.899999207589831 5
1.8999985411532563 0
1.9000012507695578 2
1.9000008064027532 2
1.900000570078609 2
1.9000007963519676 2
1.9000013600081875 2
1.9000007963519676 2
1.9000001161201356 2
1.899998436721308 0
1.9000012459759457 2
1.9000007964791386 2
1.9000013494212535 2
1.900001246184024 2
1.9000014391826416 2
1.8999984918420416 0
1.9000008064027532 2
1.9000001167255185 2
1.900002728661255 7
1.900001282577656 2
1.8999991345139242 0
1.8999991579683495 0
1.9000008060491482 2
1.900000135394541 2
1.90000081492335 2
1.8999991687661488 0
1.8999991701598962 5
1.900002731684874 7
1.8999952307781833 1
1.89999532180398 1
1.9000006099859341 2
1.8999996948169287 2
1.9000006604173543 2
1.8999986123736954 0
1.9000005657148993 2
1.8999991966935286 5
1.900000585136366 2
1.9000012640466812 2
1.8999990801010045 0
1.900001265804369 2
1.8999990898101233 0
1.899999183700417 6
1.900000825556885 2
1.8999985427833752 0
1.8999992709365554 5
1.8999954159268526 1
1.9000012741049352 2
1.900000632194714 2
1.9000013026875877 2
1.8999985667246488 0
1.9000001352742504 2
1.8999952479539692 1
1.900001256256648 2
1.8999991151673274 0
1.8999991856286391 5
1.8999992341380048 5
1.9000012461617315 2
1.9000008067863337 2
1.900000565889345 2
1.9000005805987121 2
1.9000012690160168 2
1.8999952479380777 1
1.9000012814058629 2
1.9000012737297243 2
1.8999991714533087 5
1.900000565889345 2
1.899995248686886 1
1.8999985630920528 0
1.8999991360275104 0
1.9000012989438402 2
1.8999991774713334 5
1.9000012914729973 2
1.9000001157652169 2
1.8999991774713334 5
1.899995416100702 1
1.9000012743174304 2
1.9000008066147698 2
1.900001278371348 2
1.9000005646753653 2
1.9000001347063202 2
1.9000006278578685 2
1.9000006972462442 2
1.9000001158137487 2
1.899999121993903 0
1.9000001161742064 2
1.9000008249348657 2
1.9000008255568734 2
1.900002723743547 7
1.8999991568254002 0
1.8999990746519566 0
1.8999990958234267 0
1.8999991557486418 0
1.900000806402841 2
1.90000080640275 2
1.9000001161201356 2
1.900000590808911 2
1.8999954162318367 1
1.8999985307205172 0
1.9000012653638163 2
1.8999992199993312 5
1.900000565926175 2
1.8999991488217867 0
1.899999172490707 7
1.9000001856908604 2
1.9000007094391798 2
1.900000117497037 2
1.9000001663093509 2
1.9000006169085757 2
1.8999991107157495 0
1.8999985622430846 0
1.899998558847497 0
1.9000012562504014 2
1.9000008054271484 2
1.9000012564478708 2
1.8999985236103782 0
1.9000005660363244 2
1.9000008064027758 2
1.8999991574532493 0
1.8999991646743128 0
1.9000012625017624 2
1.9000008255568668 2
1.8999953239130596 1
1.8999991419246192 0
1.8999991127257934 0
1.8999991428065934 0
1.8999991430959626 0
1.8999990973592562 0
1.8999952462868246 1
1.8999985401059638 0
1.8999985614168744 0
1.899995263214969 1
1.9000005659404005 2
1.8999984790168551 0
1.9000008264850756 2
1.8999991650818266 0
1.8999990745196524 0
1.9000008070091967 2
1.899999035218652 0
1.9000012575874192 2
1.900000622224345 2
1.9000001161742064 2
1.9000008070801342 2
1.900001273065001 2
1.900000627008899 2
1.9000001161201356 2
1.900001258704376 2
1.900000195746381 2
1.8999991795658837 5
1.9000002203283557 3
1.8999991701224803 4
1.8999991967705887 5
1.8999991663908664 0
1.8999951810968778 1
1.8999998796190114 2
1.8999985919427862 0
1.8999991256679067 0
1.900000706696609 2
1.8999996799555483 2
1.8999992043806757 5
1.8999991321500933 0
1.9000006244416248 2
1.8999985900307506 0
1.9000006446625561 2
1.9000001161742064 2
1.8999991702683532 5
1.8999991717287288 5
1.9000006687576567 2
1.9000006031856538 2
1.9000006566632528 2
1.8999991705955617 3
1.9000006240995706 2
1.9000005931191888 2
1.9000008064027532 2
1.9000001990319446 2
1.900000713909814 2
1.9000007965639845 2
1.9000007963456043 2
1.9000027209191153 7
1.9000008064027518 2
1.900000568213156 2
1.9000001161745204 2
1.9000008257762069 2
1.900000716779824 2
1.9000008155577215 2
1.9000008249348155 2
1.900000806891404 2
1.8999954161056944 1
1.9000001054849216 2
1.8999991387218735 0
1.8999992722667318 5
1.9000001859141067 2
1.9000005659396473 2
1.8999992508100643 2
1.9000001356029088 2
1.8999996359021838 2
1.8999991414208102 0
1.9000001161741829 2
1.9000001161744955 2
1.9000008259404475 2
1.9000013054226677 2
1.9000006325121028 2
1.9000008859740973 2
1.9000015017858918 2
1.9000013194185374 2
1.9000008259404475 2
1.9000008064027518 2
1.8999985547716522 0
1.899999170106436 0
1.9000012819632262 2
1.900000116851583 2
1.9000014482627294 2
1.9000008208356605 2
1.900000678743128 2
1.900000616106657 2
1.900000185694767 2
1.9000013404952356 2
1.9000012977574054 2
1.900000582563959 2
1.899998505176627 0
1.900000166546731 2
1.8999991095066446 0
1.900000116779762 2
1.9000012754182427 2
1.8999998605808108 2
1.900000610623049 2
1.9000013827873403 2
1.8999991536401808 0
1.9000001765914285 2
1.9000008064027532 2
1.9000013596064311 2
1.900000665650227 2
1.89999524588011 1
1.9000008155130248 2
1.900000806402738 2
1.8999990017679653 1
1.9000007459661328 2
1.8999993282983088 5
1.8999990262552917 0
1.9000008784201374 2
1.899999163788105 0
1.9000012709102638 2
1.8999991715313345 4
1.9000012997478184 2
1.8999985369469201 0
1.8999991575806932 0
1.8999991656770718 0
1.9000001353269194 2
1.899999168398291 0
1.9000001161708056 2
1.900000630493293 2
1.8999991623809152 0
1.9000014232165585 2
1.8999991964989016 5
1.899999143014817 0
1.9000012510478972 2
1.9000012846662981 2
1.8999990818948407 0
1.8999985201248752 0
1.90000067904631 2
1.89999917168769 5
1.9000012750141364 2
1.900001275331068 2
1.9000008150138037 2
1.9000005023383228 4
1.8999985605242906 0
1.9000013649019956 2
1.9000012624398794 2
1.899999247529373 5
1.9000006040716186 4
1.8999992224518265 5
1.9000006379423209 2
1.9000001161742064 2
1.9000001765914374 2
1.9000012892144211 2
1.9000008064027596 2
1.899998434630448 0
1.89999916828697 0
1.9000013212992128 2
1.9000005561152935 2
1.900000842558765 2
1.8999952486710898 1
1.8999954160750636 1
1.8999991791308568 6
1.9000007738110034 2
1.9000001759694376 2
1.899999170023447 0
1.8999984406037833 0
1.9000006273667376 2
1.899995404337121 1
1.8999991242585448 0
1.9000001765914363 2
1.9000005937929927 2
1.8999990721073527 0
1.9000005657262053 2
1.9000027296355768 7
1.8999985056773103 0
1.89999916828697 0
1.8999991328181152 0
1.9000005639059556 2
1.8999984975196498 0
1.9000012651881129 2
1.9000008074637103 2
1.8999985647991686 0
1.8999991692600564 0
1.8999985358942133 0
1.9000007479783358 2
1.9000008155060826 2
1.9000008255568668 2
1.9000013197023697 2
1.90000063027707 2
1.8999985447836882 0
1.899998577604877 0
1.8999991417007522 0
1.899998522837961 0
1.9000006648371022 2
1.9000001158214326 2
1.9000006246106163 2
1.9000012747480257 2
1.9000012875346646 2
1.8999991689236841 0
1.900000651197317 2
1.9000006502781268 2
1.9000013500943254 2
1.9000007963519667 2
1.900001310751034 2
1.8999991375338792 0
1.9000012844065526 2
1.9000006719749578 2
1.8999991380748877 0
1.8999954170429585 1
1.8999985638493166 0
1.89999846361076 0
1.9000001957424757 2
1.8999992503332024 5
1.899999101994344 0
1.9000008155060815 2
1.9000006681846604 2
1.8999954170453883 1
1.9000012810232036 2
1.90000019574638 2
1.9000007047857959 2
1.899999166155794 6
1.899995380105802 1
1.8999991640281415 0
1.8999992658095881 5
1.8999991693125942 6
1.8999992472213223 5
1.8999991764150141 6
1.8999990693644841 0
1.8999992800712229 5
1.8999952488952812 1
1.8999985726680821 0
1.8999992462249105 2
1.8999992798847627 2
1.899999170080856 0
1.8999992658095881 5
1.9000027232891548 7
1.899995230491763 1
1.8999985449073418 0
1.899999180342011 6
