4.640342067405552 7
2.245806992065689 3
3.909576639026665 6
1.7372426186770955 0
1.9252892635413186 2
2.0575655207075636 2
0.6489101937772106 0
1.882459929929387 2
2.2744276847958087 2
2.0858304278977515 2
2.0686608419846957 2
4.734340332830088 7
0.6461293488484601 0
2.5763773730395134 2
1.4522346506371897 0
1.9155361843474763 2
3.9048704163168395 7
0.6904923100505251 0
2.0772761286004156 0
1.8271429621157274 2
4.734340332830088 7
0.7132378673194777 0
1.0066907608951177 2
1.3844916189135448 2
0.3730912290235793 0
1.8359828848389077 2
2.1964385704286804 2
0.9994645834496493 0
-0.5893378395139539 0
0.4318219486091257 0
1.822700473070457 2
3.970004719204728 6
2.025113393410813 2
3.175899365987689 6
2.196398070078117 2
1.970414871392983 2
1.9330711741149353 2
2.0445337548669142 2
2.341307539509174 2
1.9973411067838929 2
1.614332698997464 2
1.8427332973130592 2
2.0571509824812813 2
2.0057148505887517 2
0.413662639715733 0
2.3088521331666025 2
1.7676912333160033 0
2.0876269084495105 2
2.429508543067235 2
2.945818735159179 2
3.6816574633885253 5
2.0694859077566647 2
2.018048473256152 2
1.9735853882794248 2
1.9349877703979597 2
-0.03568972740464971 0
2.153612521799276 2
0.4427457914814905 0
1.5330063839303052 2
1.630625072874179 2
1.6588884966019846 2
1.972159990389052 2
1.6539145829676603 2
1.762229302632604 2
1.9366485295932738 2
0.9489336882982747 0
1.75115225828905 2
1.6266876679421662 2
2.179464247506877 2
1.7138768236317632 2
0.35567400817225603 0
1.7093288057119933 2
0.39551722489281493 0
2.0717629458804137 2
3.1086045036727317 5
3.7521859984034287 4
0.16706924326332495 0
2.2979196606519583 2
2.1168637117212388 2
1.9767449527792775 2
0.30123258087638316 0
-0.22190210162751844 0
1.887320985143347 2
1.8201801081423548 2
1.9093842248043595 2
1.211223319021642 0
1.9857775726343856 2
1.5263274821577217 2
2.1293273411658484 2
1.8688515079714068 2
1.9930867007443895 2
2.193386345216354 2
1.9330327483720737 2
1.0855237559033801 0
5.259326083465634 4
2.3537051624561234 2
2.1298919118423973 2
3.9748910807445905 4
2.2398424568739586 2
1.8746841312230853 2
1.4879842785452977 2
1.9763508104839538 2
1.8703354183110452 2
0.7652781386112306 0
2.014980965084609 2
-0.18335006790078 0
2.1482703273654384 2
0.8449637206364508 2
0.08657477400902702 0
-0.788412365144926 0
2.0712704271266924 2
0.2735026961260081 0
2.0910810174801466 2
2.4882478080799597 2
-0.462184945551706 0
2.1641249393284077 2
2.091299620586354 2
1.9954566920064785 2
0.5973985104639703 0
1.1986230201933803 0
2.0852034386029312 2
1.9822109148221627 2
4.378449526810293 7
1.484800294937311 0
1.8255448505026477 2
0.8025535561805883 0
2.3337262311951132 2
4.142032410069868 7
1.4875604694400544 2
1.839394068045901 2
2.2199634890309534 2
2.062035970962573 2
1.935401065649125 2
1.7884840198166176 2
2.113809847017037 2
2.181652862129882 2
2.1609883938333025 2
2.0992725585489223 2
2.1765772281566367 1
0.3294571181795902 0
2.0461001304465807 2
2.010653108468965 2
1.8898210778343496 2
0.0645844565066842 0
2.124132420064993 2
1.8690396025692588 2
0.6847026009839308 0
1.978557857136228 2
2.0505798130492203 2
3.7832167330032576 7
1.9895001752846893 2
1.9112432617761996 2
1.4555356293442918 1
2.056153148749133 2
3.441742326093722 5
1.160965340957623 0
1.6497887331083894 2
1.8828817794789 2
1.157883148205018 1
2.11870390470363 2
1.3741747788465695 2
2.9962887910613327 5
0.8547417774347424 0
2.1078797946013963 2
1.9577466846302136 2
2.038823092763887 2
1.898145483866731 2
1.655783517917225 2
1.8568657713657795 2
0.34812952111553863 0
1.969103996088991 2
2.146108963134805 2
0.8422142201684728 0
2.1776438285984003 2
1.6968062492373028 2
0.48340171679626387 0
2.0181008043099578 2
1.9290246472399686 2
2.0663362714923403 2
1.9491676706741057 2
-0.5616132701757897 0
2.328197139032438 3
1.592901747790172 0
2.1669078229035454 2
0.3015276753743057 0
1.445304032721225 2
3.645679030402871 4
1.0151391568154178 0
1.5381173556478127 2
1.7587339749450683 2
2.0314942012443806 2
1.831340226518607 2
1.6003553462833138 2
1.5549581053392023 2
2.043869960101712 2
1.8613422065323664 2
1.0311826941254156 0
1.9156314765170313 2
0.9177871745305888 0
1.7476173737063927 2
1.6203607251798093 2
1.3708229365864257 0
3.174942407420959 7
2.0462612902315978 2
1.693487584367446 2
2.4184761983991767 2
1.1379220722157624 0
0.07299293026999698 0
2.520624793999541 2
2.587369349354371 2
1.335928004948511 2
3.8396131580361614 4
6.096558826125493 7
2.11826787048712 2
1.82229488038775 2
2.0956950515752015 2
1.150440062414945 2
2.292451455943925 2
0.5622304115226366 0
1.9118370776663913 2
2.973567055261085 4
1.7810924143503748 2
1.607164798038421 2
1.3562579541720292 0
0.845977159255624 0
2.792931668742753 2
9.775296673749976 7
2.0204011236970203 2
5.6540314005621335 7
2.457847324022232 2
3.4420819702062806 7
2.4664039636755755 5
4.2647149437526775 5
2.1824955053019557 2
3.6708131185762976 5
2.016986674123942 2
1.2619132162225726 2
0.1747986182498984 0
0.6449006901880976 0
1.108925891799061 0
1.5643771934046926 2
2.0695697185933652 2
1.6293290430295138 2
0.7437289504970817 0
2.055050493678302 2
1.4719182695850317 6
0.18374098883933487 0
1.9952212620422198 2
2.048765764562395 2
2.0575778794653763 2
1.8618535245211072 2
0.3193946148626188 0
4.917968389321526 5
1.5380252218219184 2
2.046088805364998 2
1.9308463595879652 2
5.050280810168303 5
3.229883161131979 5
1.530825689241189 2
2.025113393410813 2
-0.8473169045558397 0
-1.8805818012328044 0
0.7410121199198354 0
1.8928388330578985 2
2.0093928421201888 2
4.009290468576941 4
2.0256206870482822 2
1.7706431961862799 2
2.058955252643885 2
3.9033327216360303 4
0.31140031159142767 0
-0.6981448402522124 0
2.057230983612236 2
0.4505907877279056 2
1.987602713084516 2
0.4899036656428062 0
0.11686919781770988 0
4.217046410301199 4
4.205753947145903 4
2.2350748741267368 3
2.159293093463059 2
2.184912570589674 2
0.9230283801798992 2
1.9963838758658947 2
0.06598676921437296 0
1.4694128610024704 2
2.017489612645812 2
0.7055595614607519 0
0.0009357807685144159 0
1.9484611183940277 2
1.655772168143892 2
0.02828307417423126 0
1.425963331153301 2
1.985194767527068 2
5.779414171556381 4
0.7099398976891729 0
3.9033327216360303 4
1.343592546608157 2
-0.11506744137045644 0
3.798065032692652 4
3.473972620922792 5
1.4958587341581138 2
0.1692300219666909 0
1.8890914635710472 2
2.339559302325449 2
3.4464882645578996 5
2.0117965864421476 2
2.004491988057938 2
2.492675491878153 2
2.458175025061289 2
2.0333605810669324 2
4.029651378511355 5
-0.232208197711804 0
3.2599196648683204 7
1.7412485035122476 2
2.339971397378783 2
1.639360054494945 2
0.49006890891932753 0
1.4049999966233677 2
2.013628782792934 2
1.721148461058183 2
0.7305132501430858 0
2.0117372269378455 2
1.9911562940346743 2
1.99957645458209 2
3.011279645711663 5
1.472994713221134 2
0.7714648779164633 0
2.079098158355971 2
1.707067881723499 2
2.1268769620768952 2
1.4635457103997134 2
2.1126595456220265 2
2.0411287088827392 2
0.5143076731173519 0
1.8977924473557208 2
0.1082625139417932 0
1.8080880055926754 2
1.7785079000024715 2
1.6176085210000228 2
1.5830969956245498 2
1.7383814183639437 2
0.7377430856432404 2
0.05547111183148812 0
1.0112932181688792 2
1.8148543213928794 2
2.3253278682433876 2
2.05618859798221 2
2.0053844323677774 2
2.0414894065060016 2
1.4594787489718581 2
2.1507638257182515 2
-0.06595355451776586 0
1.305607186640715 2
1.9310947674306282 2
0.3504083185832061 0
2.0928516953555656 2
1.979933640647288 2
1.7690739478411355 2
2.1366716208804433 2
4.1004098287405135 4
1.5357248232572505 2
0.6811340196598739 2
0.507538860053184 0
3.4832500844415866 4
1.904938463848587 2
1.8450434193251608 2
1.8211352877307225 2
1.8895931740825362 2
1.8418434477011456 2
1.831340226518607 2
2.304010707018898 2
3.923397856212595 7
1.93797440807774 2
3.2359178467505783 3
3.241836216600063 3
2.0376545261890318 2
1.7466514727530829 2
0.6546390337205499 0
3.1157347040026195 2
1.9936468600467223 2
0.4210274589390297 0
1.5592149064918894 2
-0.6629778852734973 0
1.7852297477770125 2
1.7066815543981488 2
1.824911174255421 2
0.2762671951829567 0
0.4368440472145809 0
2.006202877575836 2
1.7571053270123411 2
0.13589184788287656 0
2.0757766392330246 2
0.27357747010834754 0
2.1421617054431272 2
2.0717256100037167 2
1.3869154549516267 2
1.5725013991730916 2
0.4304250099861622 0
2.9488530748579382 2
3.6743144114392807 3
-0.15387507353704466 0
0.44650118793095106 0
2.1562766232013204 2
2.032215449919752 2
2.1318867978931393 2
1.7288707513838073 2
1.7150453531192582 1
1.8783199783078994 2
1.426382454766499 0
2.120275478173431 2
-0.05372379078497813 0
-0.4326530756402871 0
1.290403540987277 1
1.5768325410683008 2
0.36780038919748503 0
1.9807017366412638 2
0.5676255912776873 0
1.8566565782833027 2
1.8746861726003021 2
2.040485426831113 2
2.228071507824996 2
1.9677707617008864 2
0.6741655267728934 0
0.5916619787980044 0
0.6624299208068303 0
-0.5231444213574683 0
2.0254101240806714 2
5.852538920533682 5
1.4552148336826767 1
2.789608260490329 5
1.7867735306372032 2
1.834320446561273 2
2.0853270846514276 2
0.21283983709607024 0
2.0903923100001887 2
1.7102628290368251 2
0.24335954110513924 0
-0.08842618472367869 0
1.9251761833404073 2
-1.010731233120056 0
-0.006503850791756527 0
0.5305161889753582 0
2.019947878422054 2
4.9305334966281515 7
1.991027847134399 2
4.754353946384306 4
4.1759590074533435 4
2.8658389594831117 6
1.0247305336366876 1
1.0316733866466157 2
5.475580236357563 7
1.0089220648434858 0
4.026182315668209 7
3.656818582702489 7
2.6287415116411683 4
1.463617011064331 2
0.686481945853685 0
1.9761186731067342 2
3.3005331435604024 4
5.289869288490609 7
3.0652057399037784 7
0.9939338928300054 0
4.996621482113419 5
0.3904944212224042 0
4.514874385566794 7
2.056130816243463 2
2.0081851987828845 2
3.0550277498256655 5
0.011189160959610867 0
3.833169823143075 4
0.43237321047148813 0
0.6326651425499332 0
0.42289713147186103 0
0.12201758068890878 0
1.3865149917311947 2
2.6826643973784203 2
1.0063789147386695 0
1.6990798129796554 2
0.6964841525848071 0
3.875011284362931 5
4.819420480048519 5
1.8605724906502799 2
-0.48680524973253103 0
1.9489285620831476 2
2.0122397910072793 2
0.3202119910921082 0
0.4995198153221132 0
3.4307569297106797 5
3.6214738639958757 4
0.9939338928300054 0
0.22633293279966304 0
1.5671960305701444 2
2.0223782652916245 2
-1.8837169628088497 0
-0.11671514723905152 2
1.18508719452144 2
-0.4218898971354119 0
0.7146397640313809 0
1.4847071082068288 2
0.42584311824990495 0
1.8764474683310493 2
2.03390165790485 2
0.4578872864635595 0
4.3830829062903796 5
1.6689755394915293 2
5.616370396303369 7
5.155508945220548 7
0.7989618150400869 0
2.025113393410813 2
1.0826784052866234 2
1.8986160411496282 2
2.138315022491164 2
1.8298989812865838 2
2.006198641003199 2
3.9033327216360303 4
2.1518774915952448 2
0.7412417393041366 0
1.4865610588431952 2
1.8966381177458065 2
2.0742504802293755 2
4.637979231211562 5
-0.22999262982511426 0
2.693721554544908 2
2.4514923012996706 2
1.940092338027215 2
1.9400027584025172 2
3.9000788767103822 4
1.8425357561808742 2
2.2643031142742203 2
2.054294277341324 2
-0.25167185616171905 0
1.3218005983687138 2
3.2098156504498965 4
0.37559180198623965 0
1.9683978785777758 2
2.1742359245347345 2
1.666093056405835 2
1.892924274711926 2
2.228672840047349 2
1.9180042775283628 2
3.6604155909820353 5
0.7208088277978462 0
2.2175494365764186 2
2.0036390826398893 2
1.5943519076250077 2
1.7296388198121286 2
1.404251154397437 2
2.0038188701197863 2
2.010952142268227 2
1.8869520940310804 2
1.840075287605868 2
1.2551960645471074 2
4.026182315668209 7
2.2113519318546175 3
2.0888204937849135 2
1.786383774835872 2
1.6283520555999866 2
2.2798932388783277 2
1.962489316978929 2
0.5523024302873363 0
2.1124395362202586 2
1.8164932134052036 2
1.857977886493062 2
1.8629199639008531 2
2.102347829378428 2
1.8126622039202285 2
2.0093928421201888 2
1.6342685130915353 2
1.8807689751539682 2
1.9082005437617304 2
2.1125420448518843 2
2.117882947401496 2
1.9255428998709043 2
-0.16978304149108858 0
1.4633190316740805 2
-0.3263450091360349 0
2.271504122351628 2
1.968483949685665 2
2.0192229919577223 2
0.8581928702819461 0
-0.140129179834108 0
1.5421156368741096 2
-0.1252671925247255 0
3.118476159587355 4
0.3562626491168541 0
2.1212081533984097 2
1.7221768589127235 2
1.4615554705410319 2
0.24411687677779637 0
0.04968140005656352 0
1.1157275583810264 2
2.105070482731432 2
1.5751588333995619 2
1.497918008390713 2
0.20944928986949285 0
1.7060739383850814 2
1.1663842938250701 1
2.2050040658965755 2
1.9072396654063601 2
2.1032566047638435 2
1.4900757181144537 2
1.7691405082535117 2
1.955916520243567 2
4.299978805131328 7
0.12257537933258877 0
0.46204213162370533 0
1.6469599778436532 2
-0.15557567859720356 0
-0.16686484143191938 0
2.1373366564866405 2
0.1730629991132282 0
1.9115457353193461 2
0.6136542110770256 0
0.37295218019568965 0
1.9793468641167076 2
0.29580474817690905 0
-0.2750854171939867 0
1.924520183976191 2
1.8626101271303805 2
1.8361338098048345 2
1.5697813822370787 2
1.8574912585233168 2
1.738286797938529 2
1.2972077449624004 0
2.040115052889338 2
1.840705331858147 2
0.13528231101313715 0
1.7647369864812006 2
1.5832615255744367 2
1.859606440212257 2
1.2652084383856248 2
1.254732379274159 2
1.7283787707487417 2
1.9866102593458326 2
0.13497053937249737 0
2.016526654410995 2
1.686303152721554 2
1.6857690381258834 2
4.299978805131328 7
0.5473843924314221 0
-0.5227121502741383 0
1.0588020869375665 0
2.0921567005372506 2
0.6840717529826048 0
1.6350594294196634 2
0.33173132093680424 0
1.7382586539397422 2
1.5778349400530853 2
0.2280383700449291 0
1.8790359572267235 2
2.390874409121367 2
2.056184180565995 2
1.8676877068932298 2
1.9828242312036144 2
2.184331401093625 2
1.858732620573281 2
1.8281138736237732 2
0.6918427914466649 0
1.7820562434117604 2
0.43267886160806945 0
2.213309102870452 2
2.0360498877339284 2
0.6469515017636482 0
2.3628577951657985 2
1.560886430102708 0
-0.4432096739803866 0
1.9359190186224942 2
2.1790477722728205 2
2.0783137865508214 2
1.3957225241405526 2
1.937231242277929 2
0.4155668503379637 0
1.8444130593991352 2
0.672352805853863 0
1.8454464932711783 2
2.970119018786817 2
1.9259452454359607 2
1.6729621896932239 2
1.9847973340590546 2
1.1503597410125228 1
2.232335757819821 2
2.437088175759988 2
1.283660125753903 2
1.7062903950137438 2
2.171859723728119 2
-0.23807499646851693 0
0.3413708107499802 0
2.350370208460779 2
2.1686326261978737 2
1.9878571315048732 2
1.7286939278712177 2
1.7211956827461954 2
2.134578913327376 2
1.417610159444723 1
1.9452901251780357 2
1.9460204298886816 2
1.9112571849522952 2
2.0097238325813285 2
2.089250079859808 2
1.201776913374304 0
0.7235122438949753 0
1.245029847978968 1
1.4504753457930701 1
0.6654929426466425 0
2.005029104158858 2
2.0495388353908393 2
2.096413421693887 2
0.015492621486878466 0
0.9503198912391049 1
1.828287432608649 2
-0.30159018631358103 0
1.8133045234083542 2
1.6564186204093523 2
0.6494879635359985 0
1.8138121510554237 2
1.9366076209399792 2
2.306339644077234 2
-0.7833692225080822 0
0.26215715757256475 0
0.28338675192167706 0
2.0389890334271707 2
1.9287490787833919 2
1.2069925780517448 0
3.217215985565935 4
0.16934501529054113 0
0.1920334929931733 0
1.704640953195088 2
1.1240279828691992 0
-0.017357644618679613 0
1.8156930233197504 2
-0.2705227082680488 0
1.9779198526368313 2
-0.286374117931818 0
1.5833050747517414 2
0.7359947295945273 1
1.8849063331117848 2
0.05303856310947541 0
1.903860254633648 2
1.997807562876763 2
0.8698005127735833 0
1.9522648431925929 2
1.580694904793012 1
1.6826507378874154 2
2.0040978573901556 2
0.20964744833301152 0
0.260639547139478 0
1.970414871392983 2
-0.2190092954494287 0
1.1700979164351573 1
5.802463937514399 7
1.2575811655040865 0
7.761134563794927 5
1.5564156105883715 0
4.250892261097425 1
3.6724037965951606 5
3.6723614995994205 7
2.98855652026026 7
3.6829220317090705 7
4.219342812336537 7
1.904144035009278 2
5.4061419289839225 7
2.040565790647276 2
0.6849663466822011 0
1.9467989653151887 2
1.7645966645987947 2
2.21686677026789 2
1.962439872378717 2
1.8881198815244482 2
1.8118220597777732 2
1.7774875579268559 2
2.0900686908544333 2
1.9855500595673226 2
1.7981501737792842 2
1.8787937084914137 2
1.9568698285363397 2
1.9750412807524649 2
0.2014623873012178 0
2.0377913786335506 2
2.1149005839345754 2
2.1091422120546977 2
1.9214306482487347 2
2.0574661945032258 2
1.7379043272788615 2
1.9486093680035164 2
1.4359233488427425 2
2.1875266902494652 2
1.7267104994908802 2
1.5585123181593312 2
1.1219493413672539 0
2.088903139330373 2
2.000725081704321 2
2.125745012088076 2
1.9435330325676028 2
2.0939202945381328 2
1.598524859341413 2
1.9997610496934997 2
1.845542312168027 2
0.8215976882004394 0
3.38070384166567 4
4.32744317294838 7
2.1864227006723636 2
1.8677156629630793 2
3.4116221379392417 7
0.1935360657691998 0
0.6006543619917082 0
0.32109482750385077 0
0.8157250898335415 0
1.7914841773088388 2
1.789086936966047 2
2.030673886587173 2
2.044180604129022 2
2.100584326667705 2
1.6086837248840538 2
3.236033873693807 5
1.9154442655030848 2
1.8465632037420414 2
1.9010531738694527 2
1.794038138315627 2
1.537524958674161 2
1.776137049038984 2
0.13982326991006677 0
1.0762491263861376 2
1.5451636660497614 2
1.3318135507659215 0
0.2619788303529891 0
-0.26665250616267144 0
4.467023465790671 7
4.882232631555871 7
5.806900528911769 7
2.1871302775519545 2
2.049581630464197 2
1.9701100578811173 2
1.8741575427480996 2
1.4845521507207686 2
0.4109363054725448 0
-0.41732092368242135 0
0.1208485860632369 0
3.795436324090081 4
0.33892953138904236 0
1.0486786292973305 1
2.7768570986909604 6
1.5789841050420517 2
3.5215507740600813 4
3.502774907796171 4
4.001714356696979 7
4.29450221443219 7
3.7199853503973364 6
3.3725518309491305 4
1.6435423988205309 1
1.0688171756760891 0
0.48964417821491035 0
0.14421319862627002 0
-0.013307393960670044 0
0.7028405574425751 0
1.8459008151609972 2
0.37914097177511286 0
-0.5656535211114959 0
0.2096714664225796 0
0.8260908162189549 0
0.4259149703258629 0
-0.18799575226125698 0
5.289719955842513 7
0.10911965339849905 0
0.27710965936235343 0
1.1616239024299344 1
5.149233797446511 5
1.4845920558316297 0
-0.35096036056887003 0
0.41368794935037245 0
0.9246628652947508 0
2.021761874392794 2
1.6281887990292594 2
1.9253783645491787 2
1.627400197468398 2
0.17161568362385027 0
1.82350826867913 2
1.9336422214806506 2
2.0930535567264004 2
-0.08919092918805704 0
0.809816508491495 0
-0.5744378505359533 0
0.2499379641060302 0
0.8906205096750966 0
0.7711673764035624 0
0.3374838229621293 0
0.15514713499200994 0
1.4098038992785904 1
-0.1786272683702983 0
2.3595709909651585 4
0.18891582931849782 0
0.025030038094182805 0
-0.2687952644521019 0
-0.02281324614041802 0
2.1232279305345076 2
0.5465019450805975 0
1.9205125381909292 2
1.860227990913092 2
1.7084025663168645 1
1.1292688684899541 2
-0.0014301550837221289 0
1.841762216550567 2
0.41590056899934513 0
0.663215619645094 0
0.9827302527523061 0
-0.4124956589523263 0
0.3927155985657096 0
1.8214896563527283 2
-0.6829416238607839 0
1.9950590519185905 2
2.1190256695935425 2
0.46742685841302767 0
-0.40778931517735684 0
1.8704203094949574 2
-0.654349409997681 0
0.1155209077800674 0
0.8937294707266833 0
-0.5245478116001965 0
1.9865144071862095 2
-0.04100125166549029 0
0.32216544841403993 0
0.8200383842742379 0
0.990236126281109 0
0.641686840145135 0
1.9882509474837025 2
0.1889789385345666 0
0.0688419297391738 0
1.6312692494253305 2
0.5579638276216567 0
-0.394293081218803 0
0.16363589659676103 0
0.3580564633533596 0
-0.01785203740631469 0
-0.02536507113591102 0
4.066446044654578 5
0.7964212834077294 0
3.193883876505125 5
-0.053553464515016636 0
1.657830107141176 2
-0.6435453490697354 0
2.1726381263243364 2
0.052945080027454905 1
3.9836311855170465 4
1.0488256918912495 0
-0.05111441723524557 0
0.7580227699759964 0
0.07997023853094953 0
0.7113414109679008 0
1.5678916493044122 1
1.7420419830879075 2
0.7956338632389576 0
0.20374311576963433 0
0.09769413801951043 0
1.5992036543015065 1
0.08938873503058731 0
-0.2629798357728319 0
0.34884262275080435 0
-0.30707273440233296 0
1.9363430905884735 2
1.4792940227775744 2
-0.7472726906700866 0
1.9722590620070632 2
0.241876843809967 0
1.9728417593264713 2
2.0464355413331807 2
0.10870857962647329 0
0.36055715911991015 0
1.4615853170973772 2
1.097959100310172 0
1.0874310966600602 1
0.8987922996231205 1
0.98669935618039 0
0.2981722452465154 0
1.9631490556887767 2
-0.677352926612039 0
0.09604209973641598 0
0.9315313371000428 0
1.4944642162355228 0
2.2417937047847913 2
1.1307125308306967 0
-0.6093572225043125 0
1.098285678680436 0
0.3056286394281247 0
1.050941790248888 0
0.22736388118183615 0
-0.272019888038844 0
-0.1685922360566674 0
0.7600891923244725 0
0.9146617642833499 0
2.3404025549199714 1
0.7579500044965428 0
2.5456963199241507 5
5.355816185235523 4
1.5666313584670775 2
1.16789064055897 1
3.6405128749678717 4
2.5533188698844267 2
2.6089806255245684 2
1.110989405661177 0
0.8479473515594856 0
2.918860047255394 5
1.330096611782719 2
2.470943377842449 6
1.0489500108087575 1
3.740847715892238 5
6.150633018479209 4
4.863256569714215 4
6.680512559363664 7
1.0450802177667815 0
3.2394513169315804 5
-0.13307782602172336 0
0.4705974896963545 0
-0.3921939323205894 0
0.456260232854641 0
1.040582043002113 1
2.1685367235329727 2
1.821550685713397 2
1.877873803685945 2
-0.2569827819810715 0
1.8663562739327557 2
0.6059413644217859 0
1.83639903621231 2
0.34327809654200836 0
2.1490092905198885 6
3.3185449241613814 5
0.5465606017689624 0
0.8245314193609518 0
2.171071252882713 2
0.34430874550741475 0
3.9001280753410086 4
0.3795532362244918 0
2.0526228780864058 2
0.3772137132196762 0
0.6171864330746337 0
0.16625896818698882 0
0.14749064179905047 0
0.34829054462415976 0
1.9856427133854186 2
3.721269062513249 5
2.1518300406705326 2
4.903961678178344 7
1.9907690203980861 2
1.933471426572179 2
1.6141809274710437 1
1.9332628448203455 2
1.3041259771570317 0
1.009197275273505 0
0.41196522166355276 0
0.09709860877889875 0
1.648503755716784 1
1.9935343585242487 2
0.1729952027376438 0
4.560176909078158 7
3.476636676998515 4
1.2721332808153027 1
0.7892470916675622 0
1.9759025149721612 2
1.0612156653480058 0
0.9599305033009118 0
0.7127779128409919 0
3.073453489053551 7
0.8564268169773132 0
2.1981504227977995 2
1.9680042064398773 2
0.06415059080091168 0
1.9669270409038309 2
2.7097983708481967 6
1.899380659628973 2
1.8707021701093687 2
0.3897460840875482 0
1.549962688307324 1
0.156954105488601 0
0.6177026874946663 0
0.10875344587864944 0
-0.24332074225675493 0
0.18255660593216128 0
1.0789198318919906 0
2.703369273499485 6
-1.5831147430371546 0
-0.13382749418811657 1
-0.043079227803239695 0
-0.16106141190559753 0
0.32318769514590806 0
1.7659221894925334 2
1.8585003137471627 2
1.8625737669614488 2
1.4566019750125487 0
2.8624878728444183 7
1.9569888205550159 2
2.672018537313161 6
1.4475721621510407 2
2.3359846428988282 2
0.2472445494296054 0
3.320191182906272 7
2.004847821119393 2
2.0963011815607455 2
2.052913911968976 2
1.4902310709276905 2
0.2828707316406516 0
2.002761496748239 2
2.8279945431537197 6
1.2569176574264613 1
0.1365637207242274 0
-0.12923956459500863 0
-0.06786708940588437 0
1.1461301245241222 0
2.1550511223508746 2
1.848865574344135 2
2.6884657086293444 6
3.061515369591104 5
3.660962382591123 4
4.318266773763617 4
0.8415215249699655 0
5.560756207732356 6
3.5845032290835737 7
2.308609941075087 0
0.9988977628487165 0
1.8710850415066393 2
1.8829714028820401 2
4.133195849575209 4
1.5627921681654753 1
2.245550943106854 2
1.3503361189370278 2
1.7393328969324062 0
1.716260436432065 2
3.7364267945251646 7
4.426369899915475 4
1.6545059643902178 1
1.4986099803629276 0
3.796137282664179 4
4.318266773763617 4
3.109416642995223 7
1.9885798495515097 2
4.133195849575209 4
0.2611316499561469 0
0.57780784723869 0
0.6484729368882864 0
1.5723599074899857 0
0.5848868823963214 0
1.1742402491664308 0
1.1616133681622545 0
0.4389898038889781 0
-0.003195792507225459 0
1.776619928898888 2
0.9563781712675539 0
2.3524743154721057 4
1.3227371121562048 0
1.9647876564783613 2
-0.9390384175924984 0
1.8727538595057522 2
2.4993114781655823 2
1.24478516524081 1
2.1667803687052727 2
1.2298440687773669 0
-0.1882472210069297 0
0.5672916469431837 0
1.892047514766765 2
2.0052075234813334 2
-0.5422411341747426 0
0.29779321043212614 1
0.19439705493669845 0
-0.15204657380507758 0
0.674000005012171 0
1.2387231225883895 0
5.190768739072807 5
3.7970265696546357 4
3.769574503379197 5
-0.8008565346606211 1
0.612217845982088 1
0.2736358334196798 0
0.8512564263947323 0
0.953034752468065 0
0.864585305550822 1
0.5321089466214073 1
0.6028539378888895 1
2.0647049512710933 2
0.5232919980315254 1
2.1061735738113025 2
-0.36400988231949327 1
-0.04538963268069729 1
0.30951261315133305 1
-0.11892022264550972 1
2.026393691887598 2
1.7819231858333193 2
2.1165911163604116 2
2.0634991886109675 2
2.1491777261304916 2
1.1270317244643482 1
0.31035063798327545 0
2.048872062389852 2
1.0556131904090043 1
1.1130763116727675 1
0.0831846488626855 1
0.6786723395147909 1
-0.09649274025829224 1
1.0863506985104474 0
0.6434310888408916 1
0.7122667244342653 1
1.9215424231984088 2
0.7494011634759766 1
1.3062917109825856 1
0.3172638089403339 0
1.6446161553253251 2
-0.09410641153393806 0
-0.5789865268798251 1
0.801548345425819 1
0.7534235837960627 1
0.4588388119854496 0
1.9225044914130116 2
-0.4157164338966246 1
1.92226957846618 2
2.0135324865370077 2
1.87018487640018 2
5.042093080294199 7
0.9138913257185663 1
0.3663538442442398 0
4.023388399480909 6
-2.841076120171409 0
-0.1367502240161358 0
0.1265744830529465 0
-0.4460331199523533 0
4.061852877526292 6
2.14400560445971 7
1.8839395670076382 2
1.9768193308238518 2
0.61156832882135 0
0.6758199009160535 0
-0.2586815808907148 0
3.5683692201963515 4
0.43166643319483367 0
0.12866204808195092 0
0.21486363724012514 0
1.1297127923928874 0
1.1074369739269376 0
1.6863138335215573 2
1.5845247596953227 2
-0.43643170201181425 0
1.077449322732805 0
0.4560158690220446 0
0.7260060445788115 0
-0.6553325371479768 0
0.0826921674223764 0
4.7719406875628305 7
2.328631406062947 2
1.2027660571512326 0
1.78671930972342 2
3.6165580422265378 4
3.6492102816162735 4
2.1092920510463684 2
4.0470252116346135 7
1.5952630622752808 0
5.647903845980231 7
1.5768015594912934 2
1.378794788064455 0
0.678926469595523 0
1.7980205379780498 2
5.018835056056285 7
1.5389214475282376 1
2.7082481918804424 6
1.266601797836049 0
4.2436490851962 6
3.8259678532053734 6
0.2015799159029743 0
-0.7786015519666698 0
4.100283522506878 4
4.74641023791185 6
0.72962823405419 0
1.294995808514341 1
0.5570627562014796 0
0.09903942571668178 0
1.9516652760865811 2
0.8850005619005238 0
0.8102122302722328 0
5.767020188020659 7
2.80399248335111 4
1.8377965389011186 2
1.8377965389011186 2
1.5416884759982774 2
1.8306292673826434 2
0.15044897190595097 0
0.08256728122697732 0
0.19833745486170562 1
2.9159591911707454 4
1.0916966557356402 1
2.5853009650207652 6
-0.35296554070713393 0
0.7748611363597386 0
1.9844333580758073 6
-1.6709000362307576 0
0.7199088436705123 0
2.249390749066111 2
1.9681022589628765 0
0.17651195255561358 0
3.3801648058280387 0
1.5531148635575351 0
1.996256211276377 2
0.5471393552336661 0
0.6350536334609602 0
3.6335674567589056 7
0.11250075986329922 0
-1.3474940885005058 0
0.22246660456000011 0
1.4489181607560373 1
0.5361057512135119 0
0.5646064400618196 0
1.0857529881818246 1
5.305754592945991 7
-0.2902021963141932 0
1.8466729796947552 2
0.6598283683907136 0
1.9888901725480297 2
1.0176146114934914 0
-0.39601387793411336 0
-1.024398740073325 0
0.28682355180291985 0
0.5036292930689212 0
-0.09365329630484265 0
-0.05479609788610773 0
0.07039019123419665 0
0.7198313817079334 0
-2.3718988150212796 0
0.2845636239330507 0
1.9869651654506524 2
0.852871024889572 0
-0.4074336323261236 0
0.08587582611745082 0
2.0658195292315944 2
-0.003028579649101859 0
1.919219501386837 0
2.0085602742473894 2
1.9384915503127393 2
5.009766476649026 7
0.8487073102254551 0
-0.2457096667583174 0
0.9329630263255315 0
0.5939593599620865 0
-0.03172576940137195 0
1.1133302210001317 0
-0.32852538047127977 0
0.5786929971732189 0
1.8814243182508275 2
1.0616975894299532 0
0.8741644035312475 0
2.6446982514392996 5
0.13288415955010557 0
0.25866547920918026 0
1.8818561214518528 2
1.722500469077628 2
1.1266228513977354 0
1.9811087007352568 2
0.546428478622919 0
1.477960119207862 0
3.0411860927950043 7
0.15076415041092184 0
2.045354040940314 2
-0.12489934157431648 0
0.27303195606797415 0
0.3196447261265196 0
2.215737201758926 2
0.062402340108039356 0
0.3280441098942375 0
1.960755872631907 2
-0.6923134584896218 0
-0.22818686661540277 0
0.5289513453778485 0
2.1778677830457025 2
0.09948633774482762 0
0.39424283869572174 0
1.977574421618411 2
1.9517294573729294 2
0.08337567449882899 0
2.838629453828896 4
4.386055676411257 4
2.211322376907098 5
2.367066231727061 6
0.7098969039985428 1
1.430787301488205 1
0.9812193650470433 0
1.32870512182263 1
0.901180225592665 1
0.6862383521318176 0
1.342984281383508 1
0.8302934296727864 0
3.3752935639107164 4
3.974173469543903 4
1.7784873184831635 2
2.661010997658617 4
3.6073033440391953 7
4.427718191710652 4
3.9538448802628166 7
4.0748108571281385 4
1.4619712808913072 1
3.2570619830040197 4
1.2924610189641592 1
0.8702759497981207 1
2.0894632798204276 2
2.009171363461635 2
10.304233481508714 7
2.0943865420603838 2
-0.47234475440441415 0
-0.08883730574812998 0
0.8899375501950294 0
1.9740574271728275 2
1.836558073855279 2
2.060521075565852 2
0.9563544935288152 0
2.0671379250967608 2
1.9788782906292337 2
0.06245767763743526 0
1.6807128225260042 2
1.9361643571872986 2
1.105852025238131 0
1.6244112273307576 2
2.274245767191113 2
4.985484189837667 7
0.3971389865453059 0
0.09755609802320042 0
2.186895899649175 2
1.9337517601252823 2
0.09791771443968256 0
0.5836729532373277 0
2.1763516716937636 2
0.3315922501232307 0
0.48142920792691846 0
-0.2271838001364963 0
0.5132283206978883 0
0.2138171903809396 0
-0.0295328671413988 0
0.538236347940503 0
2.0120805834387863 2
-0.3011480568631515 0
1.8375640753699096 2
-1.099274786925628 0
1.805985801653237 2
0.41812067168131084 0
0.05216250478461215 0
2.4907492813009107 2
0.23154430905195333 0
0.8963617196838268 0
0.6881714138443757 0
0.4363510271553499 0
0.7531640275907908 0
0.4516892559890884 0
2.1754329472157794 2
0.40900246817908137 0
1.8989137360614659 2
-0.17501616580062684 0
0.5234634130096782 0
0.08289356008375348 0
0.31148367065045357 0
1.8227985712187342 2
0.7634968408621721 0
0.1997207226938591 0
1.3944659121083984 0
0.76982224725581 0
0.8557459242554946 0
1.1561668415176953 0
2.5470522279848717 4
0.6987962802124819 0
1.814642130627839 2
1.9843750156226228 2
2.172873596498312 2
1.7538299806187687 2
-0.7818451235818245 0
0.5456553979965579 0
2.0622921959275433 2
-0.5677239733232815 0
1.6928227207490392 2
1.821395363925415 2
-0.11952577190170399 0
0.17912042772751402 0
1.3089770604890552 0
0.7995627986665149 0
0.9852522583594836 0
1.2412179873653753 1
0.6562574107678889 0
0.4779956176080833 0
0.763601895345738 0
0.9007038424830883 1
1.802613202390748 2
2.0116545582267262 2
-0.10250221000109838 0
-1.1969671141352736 0
2.0504348296034838 2
0.6861270056517341 0
1.9268856900464038 2
0.9528338183642071 0
0.9422046609070569 0
-1.289388291870452 0
0.8540844222060161 0
-0.20380200045600394 0
2.320448299969464 6
2.0200120101922443 2
0.7758445235327887 0
0.6677955480050684 0
0.46379173918059347 0
-0.9320782212783141 0
0.6294724698000937 0
0.8207999287998886 0
0.44422972826104834 0
0.9031696614663448 0
2.1465875270542023 2
-0.4504329936735876 0
1.0449515315885862 1
0.43999740194753656 0
1.7625125894790368 2
0.47146329841311774 0
-1.0208122429071067 0
0.40375142347753434 0
0.8065740242455889 0
1.551866145215531 0
0.9269230391034694 0
2.028893939293118 2
0.329324884287431 0
-0.34707810951321605 0
-0.002865286766620123 0
2.5140960854307943 3
0.6443544803372896 0
1.9318694005258101 2
0.792693122500493 0
-0.5769802629007352 0
1.9741424623056947 2
0.11527505352235257 0
0.35999013270455826 0
0.24121951354551463 0
3.3514527978567124 5
3.255705534416545 5
4.049474174478469 5
1.4548010083155867 1
2.6825284731169576 5
0.8827730590018726 1
2.568015308046917 5
3.9800349441958827 5
2.968332689316685 5
2.9949043211152544 4
3.241282950404626 4
2.2328565167229515 6
0.4275157146094133 0
0.773310221887678 0
3.7368307822880014 4
2.35278778314291 0
3.1477153601246024 4
6.220261996924004 5
3.3423557127670955 5
4.096210844735191 5
4.741243906922204 5
8.92955573393583 5
3.4774662094648567 5
3.080799707736986 5
3.306767799617395 5
1.7088717451389137 1
1.2068030160011245 1
1.8179313021794046 2
2.0326631260815198 2
-0.08495112692915008 0
1.8843203631742642 2
1.9927236061082425 2
1.8412789172802084 2
2.005648659247433 2
1.8007709483432033 2
1.690404713363709 2
0.5087735911889468 0
2.2250191137031545 2
2.1939834987461153 2
0.8602840254048881 0
4.9345758916984135 4
1.1498766367790703 2
4.626530333108704 4
3.8987839821334096 4
2.0036899091492035 2
2.4814868232277036 2
2.1988393409694704 2
1.7276527320576813 2
1.833322555362486 2
1.9464759781199308 2
2.1027667141563047 2
2.1098754346367588 2
2.020407013490356 2
2.144827209095065 2
2.1140935197033652 2
2.1436321314118483 2
-0.10962657793849617 0
1.7083623301790118 2
1.7968242534706753 2
2.0084224738366303 2
0.7831772054031303 0
1.9736657550325214 2
2.0738446931330317 2
2.0035748670120843 2
1.0316329759046647 0
1.8156349352722545 2
1.8772536374954785 2
2.092059533600228 2
2.019033145167739 2
1.771259322170029 2
1.76177163693725 2
2.0326539504739354 2
1.9010836992206952 2
1.88692189661996 2
1.9643035027707192 2
1.9430179833514112 2
2.0702383047013635 2
1.7595199948177045 2
1.986229841623826 2
2.2145123510018894 2
1.8898541420469472 2
1.7796322654591428 2
2.995944249423479 5
3.867054235147286 6
2.849175120524391 4
3.4021496069028827 4
1.8365234225489586 2
2.0418938250117415 2
1.0524328702203198 1
1.9216245023947103 2
2.191345530040145 2
3.8744972203204417 4
1.8530439731698074 2
1.6838399312506012 2
2.0339868023373033 2
1.9554881632914987 2
1.6073748482715453 2
1.0052277296725907 0
-0.10825474640063715 0
2.1335026201186107 2
1.4088729961212576 2
2.0035748670120843 2
2.2709948664069644 2
-2.4894017852780665 0
1.962797073903093 2
1.9216245023947103 2
1.9828542625670686 2
0.4199407984176031 0
1.9863750668993136 2
2.1007531709529297 2
-0.014420274945336153 0
1.795396042837299 2
-0.6551823095781111 0
1.6631724846465674 2
1.8435306434735408 2
1.9503562959427958 2
2.1173827026182006 2
1.9120728443861221 2
1.794841575430413 2
4.648600464722484 5
2.9408854785165013 5
0.49136004062183347 0
1.7712017761683232 2
2.1115155698423353 2
1.7623652475588005 2
1.8636922582355098 2
1.6834815732985475 2
1.7794639381611042 2
1.8345938646363718 2
2.051575710607526 2
2.342605088694383 2
1.492603775113905 2
2.260202192452748 2
1.8553268535914604 2
2.128702127447939 2
1.8868271645933736 2
5.271264997270498 5
1.6952359871850438 2
0.32821008855170497 0
1.9203688724052062 2
1.7028367793579557 2
1.9184638413552484 2
1.7716791004125025 2
1.5254846218936484 2
1.7814868002502307 2
1.9432564818461917 2
2.034829886017497 2
1.9707191511066215 2
2.082232925576466 2
0.3865780879175609 0
0.8425032604475267 0
2.1059823694271977 2
2.0563390066143308 2
2.18680293954927 2
3.3138147909419247 4
1.801198003178821 2
2.024375529978022 2
2.003914408982039 2
1.858207086121843 2
0.65203726673455 1
2.683911944105285 2
1.1072532677643565 2
1.9588327369729954 2
3.9863756361158824 0
2.1783302131117805 2
1.9630347246614315 2
1.8501071844599122 2
3.323520991920363 6
1.8598058706154628 2
1.8527785687562774 2
2.1531954514418175 2
1.5182706389549283 2
2.040940475713245 2
0.2976611007992134 0
1.6873128335479484 1
1.9579790828047543 2
0.23269728662473232 0
2.045721542916582 2
2.644481756316869 7
1.9655389456750632 2
1.985404852758779 2
1.985237614573768 2
1.98084465203371 1
2.014675201238397 2
1.9657643381617123 2
1.9442759228971056 2
-0.08384825305610621 0
1.8194922975737091 2
0.7036388815530432 0
1.814471838020284 2
1.6773344931593248 2
1.9266059790169443 2
3.0926671654735287 5
1.938098436229276 2
2.160919192314667 2
2.1189305580489672 2
1.9635886869764925 2
2.0870783877507337 2
1.9986782260280496 2
1.9071835181437802 2
1.655302471298311 2
2.311716269157017 2
0.23489177537664885 0
1.7496660046317163 2
1.8670610094992452 2
1.6710278293347545 2
3.330733148815698 4
1.72508640353594 2
1.872330502230729 2
2.1463018617912635 2
1.8022485709007205 2
2.5891505682718283 2
0.2114927827364126 0
1.6541288301797308 2
2.038944374669746 2
1.999286262415055 2
2.0163828590664212 2
1.8226649751584276 2
1.9248501354846985 2
2.055364519740482 2
2.0972817865978715 2
1.8671594470233748 2
0.4097740377069117 0
1.9670733856330596 2
1.9927236061082425 2
1.8207639768178425 2
1.6870609571826118 2
1.9442584057620316 2
1.8858503269757125 2
2.242481161432343 2
0.4724634753614627 0
3.2590990356124347 6
2.1575750133193496 2
2.073436844985632 2
2.20292324626608 1
1.9541692695759474 2
2.133124055231659 2
1.6344173710015832 2
0.2364164508334201 0
2.065018027685757 2
1.9521037539838981 2
1.9127514586237875 2
1.7228463644090768 2
1.988499083353948 2
1.3477050953985499 1
1.462765819072104 2
1.921987467906695 2
2.057526779351304 2
1.855472100721889 2
2.048265440409709 2
1.0170060871729543 1
1.1049961635980698 0
2.0061260985727265 2
1.6716714820277447 2
2.0519323728482686 2
1.5468488721900393 2
1.919865559456138 2
1.8693298129934899 2
0.6058914191439106 0
2.0324250961579504 2
3.6983305374456847 7
1.885891761001271 2
1.3276072962262533 1
0.32080468691927955 0
1.9823470806249344 2
0.6382562594708012 0
2.0063911021102836 2
1.3149229249762104 2
0.9926594872883504 1
2.0819597135896246 2
1.9234303198714933 2
1.9611909517093529 2
2.312976911106282 6
1.1270836913689855 1
0.7926405984055049 0
1.8553223286379839 2
0.37837733194621226 0
1.7646849362365509 2
2.1421214980676684 2
0.9477747807487353 0
2.0497818558380163 2
2.073343729124554 2
1.6236905008446088 2
-0.16953741369621134 0
-1.2575083718237465 0
4.336162573756184 7
4.241397187451597 4
0.6026486873487082 0
1.9852463532489182 2
2.3337683158826206 2
3.564147923900534 4
2.1113316380643083 2
2.117075775652488 2
0.7656986837768095 2
-0.32596132715511805 0
1.8218172927296343 2
1.9205858533676894 1
2.207488822322106 2
2.130105314812072 2
4.555886572845461 7
1.89003278527235 2
0.5348042844461542 0
2.011406864019385 2
2.1832597260417135 2
3.5817554196754826 5
0.6619914750752551 0
2.150043302678374 2
2.073436844985632 2
1.3827983856537192 2
2.0494792872171477 2
1.9438976735984272 2
2.0364583988024387 2
1.6388934636979215 2
0.8170731183287745 0
1.7420609983823139 2
2.2363484632672215 2
2.038073343121746 2
2.27800262945755 2
2.21858621973538 2
0.8708817339584464 0
1.9405858506505944 2
1.748046482371148 2
4.979670609028604 7
2.193222897016474 2
1.1971694571884286 0
0.4091696839637493 0
2.0416771459967027 2
1.9020730215062713 2
2.185568850059945 2
1.0223724483702563 0
4.079478941681305 5
5.2390616857296255 7
1.424434951696059 1
1.2361831671927472 1
2.22028574325433 2
2.0741563741443603 2
2.0820306839457823 2
0.6876811073240447 0
1.789927954933868 2
3.790042085073268 5
1.687764845446491 2
2.0655651913702404 2
0.6647714887677569 0
2.191047882222131 2
-0.35776267287035646 0
2.484320954231322 6
2.0033586373790127 2
0.12950151788076547 0
3.9356449173582537 5
2.7780471864696175 1
1.9043151296176866 2
1.888151867269948 2
1.89064285964938 2
0.2565336007580439 0
1.8438818072200354 2
0.9311127634974917 1
1.4936580100849084 2
0.5723127464015261 0
2.9053386511026087 5
3.4304070117999075 5
2.017161838345859 2
2.0151129225525293 2
1.6429463561042208 2
2.013648180695321 2
2.210563571864217 2
0.7900827190928624 1
2.6241450969438906 2
1.9976669889943932 2
3.5354980870316037 5
1.6429463561042208 2
-0.524249944760105 1
0.2268565501888704 0
0.6687637999621181 0
2.145058890049625 2
4.972292527685276 5
2.219246009583428 2
1.723011312216337 2
4.972292527685276 5
2.147859136730534 1
2.0333199437811245 2
2.1133914673745204 2
2.0229075086710036 2
1.7880199206002299 2
1.7158801693761478 2
1.825800512454836 2
1.9255643118522774 2
2.003417812138637 2
1.1289869967682429 0
1.7549420178264545 2
2.0161839370119714 2
1.9615461114938588 2
4.293509708708635 7
-0.22599554094004093 0
-0.3304250190374578 0
-1.1233098071298615 0
-0.18194458814411396 0
2.070751877100693 2
1.9107316935039227 2
1.845891784313548 2
1.9120275371895579 2
0.7436699841378852 1
1.900644905606724 0
2.0709986184259326 2
3.2721371678965743 5
1.1169215783652815 2
1.210832055675203 0
2.8120462170063742 7
1.978057650849726 2
2.0245753074202617 2
1.6793562653383378 2
2.0496342220885553 2
2.319458704341356 2
-0.02220904104771404 0
1.0074505750283853 0
0.0271156416244267 0
2.105776648031082 2
1.8669060277721066 2
1.982725284123466 2
0.16889560171325635 0
1.7657537098986997 2
1.9444317437593293 2
-0.3611298329902506 0
1.0155649538937528 0
1.999563941249547 2
1.9282169570871417 2
1.0687442317302471 1
0.02529621049983244 0
0.48647629330868125 0
-1.007167384979569 0
-0.14090782450062345 0
0.6975317670551171 0
0.7583085147020776 1
0.08080250402454392 0
0.4276127290613043 0
1.831220596734515 1
1.7563211658082876 2
0.6031891681132835 0
1.9505956956435417 2
0.5330536631848968 0
-0.5075117699960332 0
1.7360257979609313 2
0.21494280892872442 0
2.1060776745738825 2
1.8860227788347848 2
1.6392078574468643 2
2.079995918743373 2
2.0830582184143847 2
2.0722309517884048 2
1.7641849245397425 2
2.066141235358848 2
1.956874234950428 2
3.8137346985454053 5
3.1199617874116123 3
3.1974939279641497 4
3.1555325239731076 5
0.8251111317138967 0
2.0005491399690034 1
1.8069445809435172 2
-0.6143368385117483 0
0.10170899976766123 0
2.103419174667145 2
1.4966480466466436 2
3.47470155295587 5
0.2326076813200464 0
1.9202768851670233 2
0.5109044002470193 0
1.8570168570565324 2
1.57303342815553 2
2.9652003050171345 5
3.4421131986054183 5
1.917141663400363 2
1.7106809888150407 2
2.1138188834897234 2
4.11865164823297 3
2.1064543100099726 2
1.8454548232244958 2
1.8825726502897648 2
2.0173723400992416 2
2.4448682801001445 2
2.1643077388458343 2
2.022726071325681 2
4.404220248077653 7
1.9703268781903769 2
1.974367820161876 2
2.162550008528957 2
1.9677337216464117 2
1.8143898493800228 2
1.960378046627932 2
2.047974834372619 2
2.0050353692940286 2
1.833276021322171 1
1.8388547642780746 2
1.157332411219465 0
3.445944672295303 5
2.2654133771870635 2
1.901736766946382 2
1.726504177640433 2
1.8191251602460015 2
1.7261695848838632 2
1.5355034599765616 0
1.6835807656782533 2
1.520919033763121 2
2.023617277257663 2
2.0873477908341194 2
2.203198755204665 2
2.178935608274466 2
2.066970238760043 2
2.349913277419674 2
2.019874264402655 2
1.9657799124192514 2
0.16260750209512875 0
0.5448372631774046 0
2.077581758550062 2
1.780179775772366 2
1.9681715342623942 2
2.310709070206964 2
2.0085908012985287 2
1.97277516719038 2
2.1591961937939503 2
1.9016531528539529 2
1.70511974715276 2
2.038306331268939 2
0.7010570886724881 0
2.125925506385758 2
0.018193523404542722 0
1.806078106923857 2
2.11702053770687 2
1.5072967757926043 2
1.5229021984084552 2
1.901323223074236 2
1.3989674232195906 0
1.90843854659069 2
2.073300581741155 2
1.6218599795861754 2
2.139933235948526 2
0.823495498335017 1
2.228805688727874 2
1.7016413034840914 2
1.4169465430187156 1
2.0508075051497774 2
3.645434374422296 5
0.18181958534814413 0
1.952078446061487 2
0.35460155770881086 0
1.933505251650267 2
3.613603428619555 4
2.0474384311437683 2
0.5914916145129623 0
0.6662854267007585 0
0.3387489598066633 0
1.7432361410780688 2
0.5441290580716203 0
1.752030661827922 2
1.8767450081317008 2
-0.20723577179345187 0
1.8803865882184603 2
3.713939073825932 5
1.0556819178210248 0
1.8190950629452376 2
2.0596210292789974 2
0.34889053999667774 0
0.21168623863018055 0
1.6423791675193715 2
4.397534139591367 5
1.7964681606299362 2
2.2901513272694656 2
1.952624755996691 2
4.2259846884745365 4
1.0161206002827798 0
1.8325897674340657 2
1.9130908015956312 2
3.6418979907122666 5
3.1476521435917 4
3.8651698608777396 5
2.141646924729277 2
1.7781685460002756 2
1.7661871698467 2
2.009929965424657 2
2.0534476146195484 2
0.4043078867800889 0
0.6583841840512497 0
1.9455470926162441 2
1.8702849351444621 2
1.6740938719268312 2
0.5990664721878725 1
2.369903990898764 1
1.8847143179908517 6
1.914055814414732 2
1.9488814962492524 2
0.8934486172058546 0
0.055209128327024404 0
1.7622253675961896 2
0.38281629347794155 1
1.3681438808485233 0
2.359593699474817 2
1.8941878329576611 2
0.2596808062559164 0
1.93805195643047 2
4.270975096189382 7
0.13031471810599782 0
0.6583841840512497 0
0.7161741911448738 0
1.8779338535340435 2
0.3305332868963968 0
2.093070347945778 2
1.8985680168059333 2
0.9147100791744469 0
0.2890854820326101 0
-0.09050484591328845 0
1.700766426950454 2
2.165938682736223 2
1.974293928563942 2
2.2052286504017995 2
2.1487495365024727 2
0.7702130992646847 0
-2.431705177372601 0
0.4478064091988647 0
-0.061657279572238766 0
1.6665693976038638 2
1.8849790281519838 2
1.49356444386038 2
2.1895378581603473 2
1.973714149885631 2
0.4115791892824321 0
2.1009532864089886 2
1.7976234775458588 2
2.14114760168762 2
1.8832183995568677 2
1.9061905666959194 2
-0.32688431143422214 0
2.2414490186249054 2
2.01638915482554 2
-0.15478701205261292 0
0.15547801784979365 1
0.7786783929406229 0
0.4944074460587984 0
1.949953355648413 2
3.032790098928623 5
-1.9702947658528704 0
2.07866657883048 2
2.041252881119942 2
3.1449789089166016 1
2.3767210447205 2
1.9207939781543275 2
1.9829095629554927 2
1.9505956157661322 6
1.8884819170435028 1
1.0847880129287115 0
2.977968942286793 5
2.785167556207206 6
3.3034570927787157 5
2.6875820390098473 6
0.01823830731413567 0
2.885796114226124 5
1.1078572825918565 1
0.5898914938127244 0
1.7053202481028105 2
1.7081309141396088 2
0.024557360548238094 0
2.977968942286793 5
5.239166694034136 7
2.1279848245472404 1
0.45718561012163383 0
3.655941873427505 6
