5.914602413638246 7
2.3317597234019125 3
5.734035023160539 6
1.3867316034080495 0
1.7553789218701015 2
1.9628178363888442 2
1.166502496785162 0
1.9025259666548238 2
1.9250068541945538 2
1.7413385725069583 2
1.9521175791102505 2
5.917308848707007 7
0.5127955606181134 0
1.7902493419946433 2
1.0080894690331377 0
1.9177750274746175 2
5.774019816483003 7
0.8613605312864101 0
1.4553117395739124 0
1.7842236542027794 2
5.917308848707007 7
0.7736459711596168 0
1.8566562269033144 2
1.795880700377713 2
0.36748516443397605 0
1.9317322091705182 2
2.078362902633912 2
1.0886552935951461 0
0.12183078428128202 0
0.6957549935082401 0
2.0839857397576163 2
5.329165966231285 6
1.959897205399324 2
3.3196540051082524 6
2.001326227328067 2
1.982084705044293 2
1.868512332276997 2
1.9918660586435881 2
2.1721875015023038 2
1.982056421013969 2
1.8621039499886114 2
1.8454625139401202 2
2.03073691646293 2
2.038127127523429 2
0.34672289023322156 0
2.0965133246748975 2
1.2593300858755614 0
2.004160773859649 2
1.8410241129698741 2
2.10737308747186 2
3.157698226840771 5
2.1104966964946086 2
1.9842693563149596 2
2.014012577238203 2
1.9283845815130207 2
-0.7803779815105423 0
1.9608346187451569 2
0.7710779472736701 0
1.7729869860511405 2
1.8885881234634376 2
1.9198503271493537 2
1.996863904402505 2
1.9336726178963404 2
1.8920134102469017 2
1.8884624015311282 2
0.6111275714727438 0
1.7986484798542735 2
1.8572279649164583 2
1.9375252262151332 2
1.9361203753213345 2
1.1113379796036615 0
1.9810702149061783 2
-0.031899849873822994 0
2.087187376980836 2
2.8593968696517535 5
2.6601267297175815 4
-0.02684465781564449 0
2.0456992744547224 2
1.8693366660641777 2
1.9220598523516335 2
0.750046084496945 0
-1.0784211981212346 0
1.999775146711042 2
2.0154981285988764 2
1.9021434879289925 2
-0.07939985384017678 0
1.9872450660216487 2
1.9300235186241568 2
1.9999597494354107 2
2.138295669286231 2
1.9826556373625166 2
2.223418604737314 2
2.017553096065014 2
0.9438707079605868 0
5.685734614948445 4
1.9503970481406856 2
2.00812480137106 2
2.871251152140807 4
1.9472595940682136 2
1.9545167986628154 2
1.8746507068195946 2
1.9992397992993727 2
1.8406490076780808 2
0.6976671888395503 0
1.8961728112130711 2
-0.4356846179625995 0
2.039395990911557 2
1.8267423715180229 2
0.11054129371737464 0
-0.9455284316565766 0
2.002727990271048 2
0.5239545986928591 0
2.013708766137939 2
1.9753669649401202 2
-1.5016348010213774 0
2.007573594800671 2
1.9187063694586803 2
1.99499462339027 2
0.7003695688916323 0
1.0843333325840843 0
2.0315049215158876 2
1.9547359020973136 2
6.380510452098761 7
1.3005943807978615 0
2.047899535236339 2
0.8024099863725206 0
2.0113869463456777 2
5.376955183421288 7
1.9921695123009515 2
1.9753091643117193 2
2.002845813517347 2
2.00791408060728 2
1.9363274197797546 2
2.0293872840819778 2
2.1118330381706993 2
2.0570154386365136 2
1.901467757915973 2
2.0127536629349008 2
1.6253048876650047 1
0.5456996431130368 0
2.0546978099138666 2
1.9000916180391847 2
2.0301742421442497 2
0.18906861287346044 0
2.0782268846658236 2
1.8791775469563152 2
0.8658384664587738 0
1.991063022424598 2
1.857331261109465 2
5.7992115519677405 7
1.928895682373382 2
1.8517014762063204 2
1.6828484925775615 1
2.0248522011035512 2
2.9081582945322353 5
1.2338443056645882 0
1.8829364520973888 2
1.960311968658069 2
0.9039216509708001 1
2.0145476328875214 2
1.8402119276775053 2
2.423204372942564 5
1.134763240612454 0
2.057078922990679 2
1.9828517043292335 2
1.9576287167470463 2
1.9521427754816463 2
1.8357340113526532 2
1.9798827629425422 2
0.03392799452178452 0
2.1334110763473215 2
2.1267647266772864 2
0.4383169682185777 0
2.0601646596269996 2
1.9754293486736358 2
0.886556789228288 0
1.9451044341441746 2
1.692707469224706 2
1.9279665886901307 2
2.060586222216989 2
-0.5883500600802836 0
2.7503363421469516 3
0.925908320985076 0
2.0879324900280523 2
0.7462403557780232 0
1.871450098490551 2
2.882259239213826 4
0.9174666111058967 0
1.7618681065763304 2
1.9048744358915466 2
1.9858882649097909 2
1.8113986577625705 2
1.8421431610964347 2
1.9010709792206588 2
2.020780836466507 2
1.95616417057684 2
0.8545908958520577 0
1.9297850057461619 2
0.7621746819675705 0
1.8262093278855493 2
1.8479780154285417 2
0.9395634469131197 0
2.406392196970776 7
2.0259935276810577 2
1.8162795990380085 2
1.943550370022818 2
1.0418301914319115 0
1.0950787115187555 0
2.0482629561634087 2
2.012659173504819 2
1.9603066131899223 2
3.2629604609821934 4
7.484556961388456 7
1.9541320675603553 2
1.8971370334944258 2
1.9741966118621406 2
1.8015941999426108 2
2.0303801999163467 2
1.0839720784808775 0
2.0581956459117676 2
3.174932594999665 4
1.8555325265179778 2
1.7442982505443776 2
0.5777437748510779 0
0.32843833553022694 0
2.100629963522258 2
11.759896551503793 7
1.832948597601095 2
5.319970675396416 7
1.952251576375351 2
4.049948682938837 7
3.1261096893411544 5
2.923473037561421 5
1.9822949517817878 2
3.1733343439352675 5
1.9003359967845617 2
1.8561530997368973 2
0.8512254064323365 0
1.0252051473938266 0
0.5589384043796852 0
1.8031732513553143 2
2.1330731065338804 2
1.8030662203638914 2
0.8797223623720778 0
1.9659786158489878 2
1.7888053040111287 6
0.25238086399182746 0
1.898144428353369 2
1.8739339216186943 2
2.0177277397275946 2
1.9813163424255689 2
0.00035049606412562717 0
4.298170804009947 5
1.8224358950693367 2
2.016261526149494 2
1.999382088519055 2
5.081239774403623 5
4.484520884993712 5
1.9198075895498035 2
1.959897205399324 2
0.3916641815381523 0
-2.0517198222824256 0
1.0541343465080586 0
1.8934524487938604 2
2.0078722766985395 2
3.7563447226620426 4
1.9661310572314723 2
2.0187426789609884 2
1.9597642010955594 2
4.17432799492277 4
-0.13162340840413211 0
-0.6733030625726979 0
1.9369155958274225 2
1.5753021967495773 2
1.9706336057546823 2
0.33192952717314395 0
0.015405522872699251 0
4.053918818135209 4
5.041195010331084 4
3.3399594114354 3
1.8198814330330118 2
2.2737820092297647 2
1.7716919319082085 2
2.0292941668199966 2
-0.2909108763719428 0
1.9325037348857284 2
1.9879089879592116 2
-0.013567705980282119 0
0.5980254966559246 0
1.9482438640927207 2
1.9638566282688326 2
-0.12621314528493155 0
1.8244664822453769 2
1.9888838181736546 2
4.631118889354314 4
0.17707293862814 0
4.17432799492277 4
1.984854989799899 2
-0.007772241156142057 0
2.5831055653713357 4
3.518375220869758 5
1.998522241650384 2
0.2661459457617299 0
1.9641688160369861 2
1.8132237665977193 2
3.1588911352062254 5
1.9502331210241128 2
1.9820896063000344 2
2.0755049108160852 2
2.4393729293094903 2
2.078304145370135 2
2.4520158246950907 5
-0.41307374121893803 0
2.59544723525536 7
1.9835792189666916 2
2.140440848449295 2
2.072839742844205 2
0.9277284002201652 0
1.8314489814398653 2
1.9928753501107446 2
1.8019937576934644 2
0.657469950604872 0
1.9300784384672531 2
1.8881265107969076 2
1.9092914504972922 2
2.690893202035932 5
1.8240999799451274 2
0.9644577425300832 0
1.965590168773521 2
1.8876251132958906 2
2.0299517704223167 2
2.011450576855006 2
1.9457196623796507 2
1.976469063607926 2
0.7603594737500988 0
1.9071839247499531 2
-0.2727059396357525 0
1.9867298297245173 2
1.8054866004688515 2
1.966929926169414 2
2.167637939724852 2
1.8626949683355118 2
1.6651448809325387 2
0.5517018626492216 0
1.8884248762548563 2
1.8363210374539363 2
2.065821900635552 2
1.9889829757914503 2
1.919713788640749 2
2.025016560626105 2
1.8770651168420278 2
1.9843035686484913 2
-0.11189429727012978 0
1.847079700622448 2
2.0507296131505166 2
0.5893685232922643 0
1.9937238891653906 2
1.9734239200899975 2
1.856129096732409 2
2.051782577096318 2
5.653688880956803 4
1.775092982113971 2
1.70116372059883 2
0.7131941714197805 0
2.8217634214873772 4
1.9740702933910275 2
1.9912070830889876 2
1.8100418610794933 2
2.1535816557237046 2
1.9248320254559301 2
1.8113986577625705 2
2.1630162454510504 2
4.336747990125996 7
1.974370862166196 2
3.05235079354898 3
3.101182385007451 3
2.0467293438425496 2
1.9413547984928534 2
0.6039219483578095 0
2.3766495507616265 2
1.9909228954342002 2
-0.7536278126269291 0
2.0004237037150983 2
0.08131800057955663 0
1.8936575425465634 2
1.916051634258252 2
1.9279709217427021 2
0.2577630070523558 0
0.48995666863576215 0
2.163770705626701 2
1.9938793388346159 2
0.4731845457282866 0
2.0283656553144054 2
0.4017630529733456 0
2.0248133771614962 2
1.920143418050973 2
1.871853376884808 2
1.8169561928260023 2
0.004502093980629729 0
2.0561914318251007 2
3.0456497335033657 3
-0.28804978260629 0
0.20730281185427302 0
2.039561280140314 2
1.9081952518512593 2
1.884873287861877 2
1.935961338584058 2
0.9211904622332857 1
1.9219995817170257 2
1.166511982758122 0
2.0629341840955755 2
-0.45339253112243716 0
0.12717353726531178 0
1.5924513715164423 1
1.9322911340954678 2
0.47409515593635887 0
1.918439260154511 2
0.494139958067225 0
1.975480666685506 2
1.8279447293812219 2
2.0301551313824517 2
1.9333010253620937 2
1.94042059086195 2
0.873744703160778 0
0.5561035825202711 0
0.13393046943035025 0
-0.8110311938730046 0
1.9841735998311765 2
6.312890329690717 5
1.1395844166327742 1
2.2052754329647564 5
1.9283984013315885 2
1.8659402573589798 2
1.9660189521299882 2
-0.4864467613477781 0
2.0896415796695034 2
1.9460797165923307 2
0.38651937879764886 0
-0.09302516280716211 0
1.9346079882238727 2
-0.6874119954637763 0
0.30705275162026235 0
-0.3162333969889328 0
1.9334289080977247 2
5.806449954876667 7
1.9773594124009526 2
5.321684406592011 4
2.478365280931089 4
2.1806949420613995 6
1.0134516079692446 1
1.8666797921308975 2
8.025791835243929 7
0.384108947220938 0
4.2870925795931445 7
3.8415217577168974 7
2.0548801903489062 4
1.7269747981003163 2
0.866365870156043 0
1.8050432690863378 2
2.7710490115526936 4
7.77063332164246 7
2.9649413294173086 7
1.043831507350907 0
4.993299894266833 5
0.1558349665708436 0
4.864753379965818 7
1.855291676199229 2
1.995219298232393 2
3.334079492976385 5
-0.38011315173331806 0
4.212246190509276 4
0.2115701623358368 0
0.9525725740911216 0
0.38055086371113434 0
0.35096168288874163 0
1.7268764700855856 2
1.935826033058794 2
0.7299415753023477 0
1.9464704596508753 2
0.7202939487316313 0
3.8247836450927553 5
4.9093299598677635 5
1.8466948236758025 2
-0.5409015908389496 0
2.055962949260493 2
2.0500839906526465 2
0.6032691080985555 0
0.43446235327665716 0
2.950458989958534 5
2.2343736398979672 4
1.043831507350907 0
0.33318258081050134 0
1.9614492990364438 2
2.0619594847230838 2
-2.3398519428223747 0
1.9751095245729213 2
1.9274032348193908 2
-0.20878918228788867 0
1.0374290137676563 0
1.8741025949802743 2
-0.45977780763297993 0
1.9733215693562152 2
1.9365641934151643 2
0.13019026955730872 0
4.28634681112045 5
1.8946302332305431 2
6.669586681320512 7
5.957014162696424 7
0.8223510687163598 0
1.959909311184953 2
1.8555822950936607 2
1.8604304162796161 2
1.9521348579883084 2
1.9321525623319724 2
1.9735477543455908 2
4.17432799492277 4
2.0786030365174977 2
0.9792699200061148 0
1.7447026525385974 2
2.0364514866811683 2
1.9730607067519585 2
4.5439588815009895 5
-0.23289113771832892 0
2.0371901738981943 2
2.1135232151578447 2
1.9320715683769216 2
2.0653295763422657 2
3.612323199835183 4
2.0085354761442358 2
2.0569679894367723 2
2.0968399658845676 2
-0.6343224603253623 0
1.8957155881003036 2
3.7764053149121772 4
0.26555108780877257 0
1.9301451205070814 2
2.0975261223197927 2
1.8002247161161378 2
1.9518027415626678 2
2.0743602538515464 2
1.9778108505916556 2
2.564265378041296 5
0.9380342903584071 0
1.9076008983996426 2
1.9744897070194118 2
2.0229057208920307 2
2.088215081269274 2
2.0506444759597278 2
1.9661897038440075 2
1.9817508018810637 2
1.943838739596598 2
1.9848899319643074 2
1.8288477430010228 2
4.2870925795931445 7
2.2299308879855255 3
2.118766869808906 2
1.7451099067617242 2
1.7884041747166903 2
1.9412298350797743 2
2.033442304256126 2
0.7271288300906957 0
2.130485464072239 2
1.8046037673457764 2
1.939581630932286 2
1.9753857318596644 2
2.0204555644705726 2
1.828657522640387 2
2.0078722766985395 2
1.9944633278666597 2
2.0024588513607253 2
1.7819017666642976 2
2.058440463935308 2
2.0826746237131832 2
2.089819059435001 2
-0.06807628684262501 0
1.9706979145840668 2
0.4542903892542711 0
2.0132845710447884 2
2.006523509203958 2
1.9731996644818783 2
0.5980801786179222 0
-0.34795825909979916 0
1.8433551333841318 2
-0.9291194595258467 0
3.715306688353385 4
0.513111921041083 0
2.025043249219599 2
1.9997708976064308 2
1.9598991986420007 2
0.9444047192688156 0
-0.023413010580172422 0
1.6701475874230391 2
2.0079043986426415 2
1.9735358765375275 2
1.9312324262816007 2
0.09612821367876867 0
1.9950588830614506 2
1.1081136495964423 1
1.835808157799716 2
2.0299987239117403 2
2.0348421041179607 2
1.9665791291200272 2
2.0184947980572634 2
1.962393943952593 2
6.1738124474592695 7
-0.20146859560288344 0
0.06050185522699336 0
1.914965292774673 2
0.1314029217242576 0
-0.7924356257364962 0
1.965906625033703 2
-0.2866933574099466 0
2.025165750112781 2
0.7030134111216888 0
-0.21458771173223457 0
2.0246603607718976 2
-0.018318595611686916 0
-0.46402347054117543 0
2.047584554647613 2
2.0475705647105213 2
2.0605339141907253 2
2.0467528563419384 2
2.035646520053682 2
2.046605777993263 2
1.0029559891886082 0
2.2149218820147047 2
2.017406286355509 2
-0.08625144039243149 0
1.9568986964419786 2
2.0017281461514376 2
1.8341092708370317 2
1.8171989443898169 2
1.812021319472387 2
1.9456139088015618 2
2.0752454423186215 2
0.020269924886672896 0
1.9949130154074814 2
2.002301964153976 2
2.0815397764900267 2
6.1738124474592695 7
0.6306152123474675 0
-0.2796237879394008 0
1.156386732316128 0
1.940569690491443 2
0.9365598879220177 0
1.9082823869580152 2
0.4617759209284389 0
1.9233792165065484 2
1.8070119189752265 2
0.10926090378386522 0
1.9258505324929465 2
2.248750162330464 2
1.9387418804893928 2
1.8268665764598668 2
2.017723888539984 2
2.041312600028583 2
1.9914618278560845 2
2.0513472242110393 2
0.6435210833532383 0
1.941046470857803 2
0.580659334795208 0
2.1133578993330975 2
2.0503557930342717 2
0.13312142235953095 0
2.05494671452758 2
1.2537763583526933 0
-0.7739453835438326 0
1.9063519674039004 2
1.8810574898091583 2
2.209580529726206 2
1.7797560114610866 2
1.9573158717283528 2
0.2860581456409659 0
2.0127365556054926 2
0.8329117199303383 0
2.001354414439672 2
2.144240400912985 2
1.9554320654759834 2
1.8481006245507894 2
1.920392089070398 2
1.0068533173642291 1
2.036363664202934 2
2.0776737189052312 2
1.8565007994841134 2
1.891338486290768 2
1.9861311141163973 2
-0.3532669467613143 0
0.10498127517317135 0
1.9875388449656823 2
2.004086848153939 2
1.9217878622858475 2
2.012700531363704 2
1.8597361555744674 2
2.068292340635899 2
1.3648917774553686 1
2.033714859788718 2
1.9382334930929057 2
1.8509826363486965 2
1.9453262841218912 2
1.9997523877107763 2
0.9308507933037519 0
0.5487624132536115 0
1.0226656460534476 1
1.105956095796103 1
0.6848744773625031 0
2.0325115162730873 2
2.103937940195634 2
2.0768929894370647 2
0.6485618496847296 0
0.8884857628722761 1
1.8115390092417523 2
-0.46320644686835655 0
1.890449659300734 2
1.8542222905977812 2
0.3496906140569196 0
1.90283982890316 2
1.9378388074397137 2
2.2252726017209237 2
-0.8491783658073837 0
-0.6050836510015198 0
0.2749475370032479 0
1.9657942689535028 2
1.9516854194239635 2
1.1017770714291424 0
2.5396999580556283 4
-0.269018232962706 0
-0.1108639324007894 0
2.0053490992110676 2
0.8600923150742438 0
-0.16418344033885757 0
1.8018501085133052 2
-0.45285126372022333 0
2.029788483439014 2
0.130442202546188 0
1.9487551768199762 2
1.0782785588516357 1
2.1244512412289285 2
-0.9680342876323276 0
2.0005126600091283 2
2.0927036041903992 2
0.3202905811899164 0
2.015909744410273 2
1.4794395395445568 1
1.8009598889633458 2
2.0645830930455102 2
0.6512875561813087 0
0.7362691209784309 0
1.982084705044293 2
-0.373528538388308 0
1.059881383441637 1
5.902189144713127 7
1.1820428962424485 0
9.034923216882982 5
1.1896332686061906 0
1.3423035583419987 1
2.5281317400798105 5
3.749501600412096 7
3.192861989438268 7
3.8128219126581753 7
4.8815126232339745 7
1.912536301418475 2
7.731083032612389 7
2.0664043722992274 2
0.9354609103727645 0
1.9850388280867572 2
1.975784724456387 2
2.0681305612726146 2
1.995465631428445 2
2.0681166691118147 2
1.9867488682264893 2
2.024768992199778 2
1.9897421393622519 2
2.04182158820029 2
2.0032129917166337 2
2.0058093206546372 2
1.962055561272916 2
1.9290103089548876 2
0.4178309505288109 0
2.0111422553645473 2
1.986676239464954 2
1.9955582642889875 2
2.1108256693241083 2
2.0246676117546167 2
1.9578353186849542 2
2.0377527311625565 2
2.0240818794335182 2
2.1989562624452326 2
2.0217270420819546 2
1.955430995551658 2
1.0454072454854701 0
1.9466779522149606 2
1.8722038235659142 2
2.016346630855991 2
1.9747917906460584 2
1.980342915408862 2
1.9695845702829127 2
2.064406291847436 2
2.048787648559741 2
0.4886108476537927 0
2.3388536152849344 4
5.24519287352965 7
2.100947573397473 2
1.9645303810287267 2
3.8106114625364205 7
-0.13405508213763984 0
-0.05829672434914901 0
0.20025510204559316 0
0.5647343484481111 0
1.936365362909919 2
1.993359123139477 2
2.0000558928693994 2
2.0315733213611185 2
2.0702394767002334 2
1.9601560816570724 2
3.390838266463761 5
1.8667526388353628 2
2.01162670906461 2
1.9735394107641473 2
1.8887345419494812 2
1.8195342145388187 2
1.9877244099071956 2
-0.07979157297128192 0
1.7449007642464096 2
1.859986308103402 2
0.4251605132509886 0
0.11165669583476112 0
0.4442857406249696 0
5.882400544779202 7
6.2345923565272106 7
8.752945718483122 7
1.9524316570403868 2
2.0216738334606403 2
1.9196435987504112 2
1.9923452918719242 2
1.8952482883133361 2
0.589506814400675 0
1.5268305078493862 0
0.6969846022596831 0
3.4676063518375213 4
0.05570631467675735 0
1.1369773551281979 1
1.800386657627867 6
2.073177480626749 2
4.359361833463813 4
3.498364097966326 4
4.474525197086016 7
5.2962812838964615 7
2.617659449115643 6
3.174924010258357 4
1.1982848498991672 1
0.984095770471625 0
-0.9761293669890674 0
0.7072785136132866 0
-0.9389503288823327 0
0.5922662194868829 0
2.027279398028748 2
-0.2658844683047201 0
-1.0202069588840015 0
0.17573204909472984 0
0.8060281868876434 0
0.32806615266018624 0
0.2287513749893133 0
6.459050551172396 7
-0.012704801514044961 0
0.7344267943132956 0
1.442231570864889 1
5.243217131903033 5
1.4673651232080656 0
-1.315083702435217 0
0.02504112388320423 0
0.4131554817547609 0
2.0325463402337576 2
2.0107671061602828 2
2.024383903822712 2
2.011571154930814 2
0.3221511145278624 0
1.8681018175423738 2
1.9867493642350866 2
2.0970975512923427 2
-0.58392273361848 0
0.6725159117397437 0
1.6825690455381728 0
0.543531098919068 0
1.0771413314682472 0
1.143671290359289 0
-0.0388183387490566 0
0.20172843733972123 0
1.2962470224861995 1
-0.4375726007005807 0
2.410875167131814 4
-0.34035785532623253 0
-0.0576432439326513 0
-0.3794646273886628 0
-0.001019905655028186 0
2.077281250677796 2
0.763313867180463 0
1.981727718803353 2
2.020093253742365 2
1.5028776227331304 1
1.7701134922235873 2
0.11468484355905084 0
2.087431534983374 2
-0.2555712337056846 0
0.7606282460404765 0
1.183378725619311 0
-0.2845236280535377 0
0.22176073313039857 0
2.03324367372479 2
-0.14806454728081464 0
2.0655153828045285 2
2.031215466446648 2
0.9502223298428847 0
0.5518325804420019 0
2.006908151451387 2
-1.1334594156913211 0
-0.1550889327197449 0
1.0429489881547562 0
-1.7418872356152328 0
1.9883809089603945 2
0.07582106067547634 0
0.1372368740879948 0
0.686435538097157 0
1.1966902314746877 0
1.049299176329955 0
2.1040293468667284 2
0.5606250391266421 0
0.6158402380267443 0
1.9606478596764771 2
0.4998994469683815 0
-0.44860151239558066 0
0.2867840682564622 0
-0.9574909239143579 0
-0.5923004812011641 0
-0.20905963066340227 0
2.833278819788361 5
0.41211182088020193 0
2.267121759255253 5
-0.3010707037100824 0
2.0424330523126932 2
-0.38248001235958773 0
2.0541671809828745 2
0.6878293854221151 1
3.7777918025985247 4
0.8021901112952612 0
-1.3655914379873764 0
0.8841688593796965 0
0.3194922344350757 0
0.710504810899703 0
1.404537449970614 1
1.8955135574493638 2
0.5399923765815089 0
0.6474657846861134 0
-0.17915344261999122 0
1.0706071598378895 1
0.10614777213378401 0
-0.11193904930371201 0
0.9340836382335541 0
-0.7462557964638106 0
1.951913278713786 2
1.9439093829922904 2
-1.346343524443295 0
2.0221162147501675 2
0.19300712337619053 0
2.0365165609170117 2
1.9840848830453262 2
0.28652393376063445 0
1.1606797819224763 0
1.9754555015609347 2
0.9401241876385033 0
1.2572355706165146 1
1.2486350521690404 1
0.9511071002264847 0
0.135214212134398 0
1.9770208213312639 2
-0.5024204203090266 0
-0.21476233474589712 0
0.9437447772227032 0
0.43355579608117356 0
2.141656407161613 2
1.2285888693318887 0
-1.5523142844866502 0
1.1179484504176218 0
-0.2508502609290728 0
1.1424736244460476 0
0.2552935750872034 0
0.04745922434664385 0
-0.3287924503249773 0
0.7093595210737182 0
1.2844482912866142 0
0.6570988272660647 1
0.4604490111197599 0
3.2888359583171014 5
6.551290321664984 4
2.036821824199766 2
0.9624226945967833 1
3.9375542663555674 4
2.1891172087851856 2
2.0827909157955804 2
0.9782764868626168 0
0.39928534160662155 0
2.9378835631842977 5
1.8813602616233223 2
2.6194887244638 6
1.039505247168404 1
3.505457285299637 5
5.549072852718821 4
3.2518646079095728 4
8.486481925111004 7
1.2310270984965759 0
3.0092662439696993 5
-0.4625919606254114 0
0.092641051254857 0
0.15573938303842816 0
0.14651124688443962 0
1.036357413952451 1
1.9330850040447851 2
1.898322312247157 2
2.021194285909584 2
-0.0021794894469291393 0
1.9859315259917558 2
0.24946546657521051 0
1.9807759653623263 2
0.5166730584603128 0
1.7522674721392713 6
2.348038648712047 5
0.42719184903042917 0
0.7618107634949772 0
2.0776849657397376 2
0.8663261892709517 0
5.552657788093727 4
-0.0065886749660879484 0
2.0245007741766945 2
0.10462433843159946 0
0.6717889444997933 0
0.41248243149391595 0
-0.477993260095821 0
0.26018943767749314 0
2.054909877939407 2
3.3517530746877497 5
2.003262737735115 2
5.7502604473785155 7
1.9557468493660768 2
2.045165293077378 2
0.6692301696730496 1
2.040039890267267 2
1.114010800916924 0
1.1163104032126083 0
0.25228984235880514 0
0.3280720309994871 0
0.9029818346057332 1
1.8552315607510184 2
0.46611091105793223 0
5.388879041599521 7
3.762620712925296 4
0.8155314669938948 1
1.018011861519212 0
2.095404093478879 2
1.1544191938034927 0
0.8963904964113447 0
0.7649676126012815 0
2.525848263388178 7
1.306150646398218 0
2.0740412040599483 2
2.039744303872118 2
-0.05500052263277433 0
2.075380105360625 2
2.9252872066598794 6
1.9780110836597622 2
1.9538392210358069 2
0.1415490558373811 0
1.3079901418415458 1
0.2641455101309833 0
0.5499795845811253 0
-0.29271213091705794 0
-0.2039400520119814 0
-0.3031008398339674 0
0.8762259935401944 0
4.1635491592559255 6
-0.6078524656601614 0
0.48080068097187856 1
0.6309738119887376 0
-0.5621691282301371 0
-0.2821194015117965 0
1.9402453734916336 2
1.9171926007110471 2
1.8981553357885539 2
1.3185888582082264 0
3.6849881759572964 7
2.0318101046864636 2
2.1115389458842135 6
2.006068596551396 2
2.0261011380464944 2
0.336768795484087 0
3.9924293943039215 7
2.0384289568871115 2
2.037946532108629 2
2.0392880381273453 2
1.8828492411031872 2
0.2922228263478932 0
2.068765430112896 2
2.6544304968008166 6
1.178123279164239 1
-0.03134328694858879 0
-0.273553333423445 0
-0.314858924922206 0
0.7816375922584171 0
2.0128149765570162 2
1.969320192540252 2
2.148134370185544 6
3.514984547101144 5
3.974577652948368 4
3.997375476212135 4
0.9748318226923716 0
8.483840880047191 6
3.814596778896529 7
1.807589261680753 0
0.576163594655025 0
1.9303887585515755 2
1.9876467280260564 2
5.067323724940833 4
0.84416764674319 1
2.1260971428165494 2
2.141675364038135 2
1.1565973232985907 0
1.9555573707867482 2
4.273571585485803 7
4.916343857806419 4
1.2073234871900496 1
1.073034103133954 0
3.1779411922945764 4
3.997375476212135 4
3.6131023758521135 7
1.9392709794066372 2
5.067323724940833 4
0.13302403578321065 0
0.9719715478881849 0
1.51337936140534 0
1.221552909666224 0
0.9226625505835059 0
1.0627658879320538 0
0.7661840955356547 0
0.041845276717388025 0
0.30179778479385 0
1.957681565532227 2
0.6525095887848007 0
3.0104661218670623 4
0.614286305863686 0
2.0295831975536878 2
-0.616255790770925 0
1.9765366924689907 2
2.0477526272665125 2
1.241655811186883 1
2.0127006621608863 2
1.2872007018496936 0
-0.1916206277109922 0
0.03640655065740184 0
1.9561322240469288 2
2.00019524061256 2
-0.3429812059568871 0
-0.6973632339791558 1
0.18531753817334806 0
-0.15924659259794782 0
1.0437955611543703 0
1.280033223664179 0
3.9390724285129433 5
6.484352837386684 4
3.707364466748105 5
-1.2045564141972172 1
-0.014653261678770013 1
0.403331891280144 0
1.1684277591117593 0
0.9430309265206192 0
0.9951197540678044 1
0.22169025638126016 1
0.18707021988640582 1
2.02214430757608 2
0.21596053676249816 1
2.039800961157594 2
-0.19504440833951464 1
-0.13950285238093518 1
-0.03363280172347172 1
-0.19504781816279904 1
1.9648075458789664 2
1.8982647156032337 2
1.9774246698965312 2
1.9875936685036528 2
2.0963324890934363 2
0.9159133096462403 1
0.6982299343292038 0
2.042460603725067 2
0.6796420293825336 1
0.8280835218580007 1
0.614411231429004 1
0.4664486039090179 1
-0.37861886412671497 1
0.5942985328557193 0
0.9215091579832115 1
1.1201024160538453 1
1.9541683191374304 2
0.8490909709221213 1
1.4850050142682512 1
0.8220374778993785 0
1.9395774610456629 2
0.5482178841425911 0
-0.3085862305547722 1
0.9944060653232664 1
0.9131848046306215 1
0.12171785292665249 0
2.0044113093934643 2
-0.46729834949932414 1
2.076255046038659 2
2.0543511991243504 2
1.9682586006077598 2
6.570374310866267 7
0.9716168037873362 1
0.8599724515827996 0
4.934708210201297 6
-1.600886621040852 0
-0.703762193478414 0
-0.2831313058565379 0
-0.4859083006307161 0
4.998200644896764 6
1.8323110593556864 7
2.0651468703484652 2
1.988882649485282 2
0.08845405621511526 0
0.08182276394224486 0
-0.566536525671566 0
2.803351427603907 4
0.5846329372059336 0
0.5044944260373752 0
-0.1067914693369385 0
1.4043762403784241 0
1.282708708162597 0
2.0443984332564806 2
2.0094456608607034 2
-0.9894738322342214 0
0.9744121193176958 0
0.6910571164483288 0
0.6984900893914923 0
-0.7930149377431994 0
-0.362108298378796 0
7.632282899556758 7
2.029010415999344 2
1.438411104445191 0
2.0443714491522544 2
3.365228730206164 4
3.480637949835134 4
1.9837322086723808 2
4.243098865871352 7
1.2049072975784585 0
5.7796047106059145 7
2.0794816100884552 2
1.187189910910245 0
0.634618905595483 0
1.9420749944463014 2
4.307308104101028 7
1.7225424442627817 1
3.7974550360251507 6
1.3144351947079376 0
7.141449180598057 6
4.289971540435241 6
-0.34634485267853377 0
-1.0065200049174048 0
3.9003577174175548 4
6.46164047346557 6
0.9130905884547026 0
1.2696902779386354 1
0.739336527728135 0
-0.2826350850079473 0
1.9400043636431885 2
0.18988965340504604 0
0.4860396550121482 0
8.81921463929938 7
2.9732407401757524 4
2.0545768526121493 2
2.0545768526121493 2
1.8914157855160745 2
1.9990814046886083 2
-0.23594791980488772 0
0.01845438410743383 0
0.148436905427616 1
3.3869627882979936 4
0.8857266179601452 1
2.465654769704482 6
-0.6757878539623587 0
0.7132169179861598 0
2.2258724962371956 6
-1.6679472929702142 0
1.2906542690174239 0
1.9978451079893171 2
1.3926485801142419 0
0.06508996955722157 0
0.314472832635766 0
1.6961152184340131 0
1.9927847226082183 2
0.3020464812037267 0
1.030265615815866 0
5.191040041307389 7
0.03694497437207178 0
-2.084104931636626 0
0.42364280632364126 0
1.1765605022854424 1
0.5608948631907091 0
1.199134752637216 0
1.2445045677521962 1
8.434503824952284 7
0.18305490520989331 0
1.930620992760381 2
1.130507596274943 0
2.0752292762966342 2
0.16074706051997345 0
0.7366199753788236 0
-1.268062787948823 0
0.43023522040693263 0
-0.09073980887791411 0
-0.2891394604423505 0
-0.01002371942267688 0
-0.0376205964052021 0
0.28990929573058843 0
-3.214929294807622 0
1.6854833121410993 0
2.0637529957609475 2
0.5647849454493041 0
-0.5714214594381288 0
0.46167312996781495 0
2.100510403380804 2
-0.7726908695607131 0
1.8270924044954189 0
1.9160327367239296 2
2.0318033627967482 2
6.1674265172058735 7
0.8745404206724501 0
-0.22613442720228205 0
1.0967972645205393 0
-0.20679589149096844 0
-0.004861759789948961 0
1.191474964243201 0
-0.29495475755950107 0
0.6587081969024537 0
2.048240594298972 2
0.9683151421465057 0
1.15573504529626 0
2.0219139167768767 5
0.29062870250188655 0
1.06089597793615 0
2.065130193206223 2
1.9695069812227208 2
1.47100989337744 0
2.0192209906486447 2
0.11068973978212493 0
1.4242826499666243 0
2.9586131987907036 7
-0.5855820052306071 0
2.0060754199491595 2
0.021292887550318218 0
-0.7325423900387866 0
0.0059123448865232575 0
2.0323699308445384 2
-0.26300909820047247 0
0.34149322910548974 0
1.9882005397309306 2
-1.8365597382942958 0
0.45986404822600946 0
0.32379466076365926 0
1.9773701739366152 2
-0.2557968245662836 0
0.6319208298768866 0
2.014994544484406 2
2.0383135983859666 2
-0.4039696190291582 0
1.97721335124274 4
4.659552209109785 4
2.7081424720050404 5
2.917672540911229 6
1.1092354952736798 1
1.1823736971842602 1
-0.5198951663103637 0
1.0975675352759044 1
0.7613414952175027 1
0.38344298166824275 0
0.9255131095326685 1
0.5322155131092527 0
3.4553726517524748 4
2.6323786245345424 4
2.076462610785602 2
2.598340782856859 4
3.825106765448438 7
4.803918372287088 4
3.8396799972334605 7
4.428757314521732 4
1.429069767298989 1
2.6529341502031123 4
1.2984567543168697 1
1.1474579610542834 1
2.000486686044118 2
1.9191826341026492 2
12.774673151238524 7
2.0163117719047143 2
-1.0238893417122976 0
0.2023208395438718 0
0.5004466114845874 0
1.9696672816749208 2
1.9453004156798104 2
2.099214342505252 2
0.6443147128835964 0
2.0204421515825772 2
1.9908698100910807 2
-0.03867554215869795 0
1.7745557604710056 2
1.9995437614520524 2
1.0523996686531025 0
1.9780877483993344 2
2.071302872149802 2
5.600297751194864 7
0.3398449256470768 0
-0.5848126216642568 0
2.101781663583711 2
2.0213036824583788 2
-0.8576340372829736 0
0.7136546049720316 0
2.094525459334065 2
0.5434899446854913 0
0.535220442739869 0
-0.467427470287034 0
0.6488264074889478 0
0.14222257752482292 0
0.18634390435365122 0
0.5164718422910894 0
1.9522869896908597 2
-1.0565442260602214 0
1.9664161894066101 2
-0.6394869513138 0
2.0021610798633196 2
0.13095397361763705 0
-0.29927733864293593 0
2.2331705034973752 2
-0.5171935363133606 0
0.5135431877690979 0
-0.23259546220558902 0
0.5158435968271975 0
0.7890342566265165 0
0.2329789795980084 0
2.1618169989718927 2
1.146176171050412 0
2.0432416695483213 2
0.44676220528356825 0
0.31459630214359824 0
0.176320268483666 0
0.5297455010981613 0
1.8716118469835012 2
0.8902901184596731 0
-0.490006317137619 0
1.0645553062090207 0
0.8397370585231392 0
0.6642435665642086 0
1.0473603052268075 0
2.3409794971433655 4
0.7986265076775271 0
2.209406363572939 2
2.114314088705814 2
2.0424621837690444 2
1.9380847324557504 2
-1.4386173858871958 0
0.28949148302907 0
2.076930269101654 2
0.24980472113522123 0
1.9472251722201137 2
1.9844501666965675 2
-0.5660838914978643 0
0.14590146233199697 0
1.5958788525562237 0
0.22069681503952476 0
1.045164167168944 0
1.2109097628531242 1
0.6168087471170511 0
0.12390003094152258 0
0.4282018221672168 0
1.0379631495796713 1
1.96920231404857 2
2.060400910305168 2
-0.7938030493082726 0
-1.3651933579925584 0
2.043357111846044 2
0.08061579547363928 0
1.985570928237937 2
0.7545475963212765 0
0.9299265590649695 0
-1.2280552242074765 0
0.222750797533118 0
-0.6994454476753624 0
2.953981658143878 6
2.0299273509126468 2
1.1410646794522903 0
1.1675263619990834 0
0.4922039752844134 0
-1.5146245269372032 0
0.9363861676665384 0
0.3999623865272697 0
0.10567969712319947 0
0.5280173924512421 0
2.113129867484079 2
0.23085155366705057 0
0.9062010735274151 1
0.9283177235032877 0
1.9154881228360674 2
0.659957469952001 0
-1.570009209029831 0
0.3367539317876169 0
0.6258101111986418 0
1.5183218836288188 0
1.1545839278495575 0
2.0389175584531625 2
0.06659996882671892 0
-0.028703778953564685 0
-0.8623199404405861 0
2.478722928605225 3
0.3996597011941465 0
2.0170155911257126 2
1.202938609455616 0
0.09074787880479596 0
2.065324798226876 2
0.14838128212364055 0
-0.04845523521502404 0
0.9432220752354508 0
2.7354835654429888 5
2.214381345204874 5
3.0535452899216144 5
1.0181462118196754 1
3.175516092412137 5
0.6534036584142799 1
2.022256354744694 5
2.776701177345294 5
2.804875279243649 5
2.574020559536696 4
3.7780010340091956 4
3.5316755048326183 6
0.37569533702162317 0
0.8630226029487005 0
3.156278722525344 4
1.3501144159164573 0
2.5317111912217993 4
5.399759907261467 5
2.7660949260871712 5
2.6078513874196947 5
5.951046975075117 5
6.392936555224123 5
4.498751080371973 5
3.61041655033213 5
4.095835479653015 5
1.5195571406500163 1
1.185592373526469 1
1.9714138091510565 2
1.9821248187023894 2
-0.318464657155233 0
1.9705146253295736 2
2.0176042685737876 2
1.9637421379498765 2
2.0236230189511146 2
1.8190941207770714 2
1.8954906358262504 2
-0.272052576414719 0
2.034539108699328 2
2.0275577704314505 2
0.6894194476141768 0
4.805029652023718 4
2.008301236104104 2
4.5196687291892985 4
3.855424434455783 4
1.9741020403777647 2
1.9826499481264845 2
2.0510252670994666 2
1.9350610082014177 2
1.7940669166259138 2
1.950841265245122 2
2.0067755770183773 2
2.0420992596382668 2
1.9790681788762452 2
1.981441387315861 2
1.9804676824948606 2
2.0196399935134552 2
-0.8767620090359811 0
1.8536813784121264 2
1.9577444855305832 2
2.0063559218258353 2
1.0715996954993479 0
1.9543133156195294 2
2.0370933118172476 2
2.0100600311607795 2
0.9780097516062929 0
1.8894678225145705 2
2.0304087489377256 2
1.9267114987815834 2
1.984872098747781 2
1.8622745584880382 2
1.9252772838424657 2
1.9921689922219161 2
2.0058367573872182 2
1.9687524062438992 2
2.0985564371009113 2
1.9912556288727141 2
1.978759107205344 2
1.9419394450628225 2
1.9909360373952352 2
2.124309062448902 2
1.867974481352482 2
1.8303903416805367 2
2.867491455589518 5
4.555046116259783 6
2.552893356604107 4
5.21499162491792 4
1.9703881105331105 2
2.000008820761324 2
1.153227805275157 1
1.9977604822433292 2
2.0866699537181996 2
4.409243718739836 4
2.01709296642165 2
1.89702126542704 2
2.0077738597967265 2
1.9601054125698623 2
1.8732284575358584 2
1.1478209392966245 0
-0.12282413285876204 0
1.9982053553321666 2
1.8879908825036014 2
2.0100600311607795 2
2.012405236267459 2
-2.732149106516984 0
2.0352465649358313 2
1.9977604822433292 2
1.9700832841002809 2
0.4498478500060814 0
1.9927203181155706 2
2.06864578444565 2
0.29882520409716196 0
1.9557015694461257 2
-0.789257056976794 0
1.8773855887236595 2
1.8260562812600747 2
1.9822076986158579 2
2.0033182020952482 2
2.0224920726488342 2
1.9265313716883787 2
3.1927906999520683 5
2.167103389220129 5
1.1570910341931357 0
2.001101171907517 2
2.017262891055564 2
1.9884577571886517 2
1.9811794078943539 2
1.8324693365444065 2
1.834209148061056 2
1.955793028976046 2
2.0134696639882463 2
2.026111750543421 2
1.839694431743907 2
1.905720033775005 2
1.933218103804628 2
1.956664669134179 2
1.995851575882782 2
4.552491663684267 5
1.8478899861096014 2
-0.6037080718646264 0
1.9681816426077285 2
1.8893390836837491 2
2.0261033603197602 2
1.9921170365928478 2
1.8625552556698703 2
1.8342640748422858 2
1.9738372808478009 2
1.9426770651841836 2
1.8837274111839133 2
1.9832107343433938 2
0.24040616309218454 0
0.4364824220998038 0
2.008195839735917 2
1.9530718587076095 2
1.9882547326808606 2
2.2114044252652985 4
1.8166256269653076 2
1.9801223388620763 2
1.8205428550500606 2
2.0140767427924757 2
0.43671878277000165 1
2.0211292544860466 2
1.8072794181424043 2
2.008967658070102 2
1.991791660118166 0
2.02393559378552 2
2.000008615968061 2
1.935250677019211 2
1.8860685772388521 6
1.854705233182378 2
1.9378410208788843 2
2.0002200420652567 2
1.9471406574395156 2
1.9988571352715934 2
-0.09541122982877148 0
1.0019463057841294 1
1.9535606071868021 2
0.48754942805694235 0
1.9574945755325384 2
2.212382289241816 7
2.017258440062841 2
2.0132644537671984 2
2.015442786545918 2
0.9772054507107015 1
2.0599766692380745 2
2.0020569585083514 2
1.964765211308567 2
0.7076678722549947 0
1.9987955872661844 2
0.48838979317545417 0
1.8577495841772222 2
1.8956445238651618 2
1.8283490537764837 2
2.266720957427938 5
1.9234445577936476 2
2.0244119608103714 2
2.0202595933544747 2
2.0028451680384496 2
1.967967131286882 2
1.9787094510310579 2
2.0681481390251517 2
1.957103976598999 2
2.2015103493621826 2
-0.03571567978782486 0
1.9951840183684615 2
2.0874329823594127 2
1.871746652973737 2
3.2583317147882 4
1.928797038385967 2
1.9514315746735833 2
1.970078172302746 2
1.8197738724342485 2
2.028772111294775 2
0.5121912436036506 0
1.9294082430099089 2
1.9882769883057914 2
2.013150650353043 2
2.1020267576997953 2
1.9874974133661407 2
2.03323808295598 2
2.0353400032640097 2
2.0066361549243794 2
1.9954758492437872 2
0.7260207363963609 0
2.0560343512433126 2
2.0176042685737876 2
1.945913888538671 2
1.9830211845602372 2
1.9629628256469331 2
2.0171198655578038 2
2.1096695730824324 2
-0.06507613983503258 0
1.7902954850635664 6
1.9622063145209303 2
2.0267723733614407 2
1.644439605122664 1
2.0623137690555224 2
2.044798951681346 2
1.828362553717585 2
0.7474829088241562 0
1.980893804683145 2
1.9852547044475208 2
2.0491295841213626 2
1.894349494637525 2
1.8427070135045678 2
1.5515153621078521 1
1.8379389947706406 2
1.9587304096652554 2
2.003549945999249 2
2.064595391684645 2
2.061999458195135 2
1.4923486806580692 1
0.8324698368079517 0
2.1038654394474268 2
1.86267889482308 2
1.8970935092581336 2
1.9770493789357442 2
1.9865895034514829 2
1.9532210510318648 2
0.5337831646730116 0
1.9725897338520046 2
4.50731365144123 7
1.9985890559773056 2
1.1452380517277314 1
0.7235596150200405 0
1.9869735248572438 2
0.5590389825781141 0
2.1194670651888434 2
1.8119898453825418 2
1.000825255396027 1
1.988519322636631 2
1.9224541065155534 2
1.9605442910881536 2
2.461814000155229 6
0.8454503628544824 1
0.909846547319051 0
1.8303077382538278 2
0.5085013813774357 0
1.999789180743265 2
1.9988440850162186 2
0.5747138265614873 0
2.04274638588812 2
2.021237949623921 2
1.9187324075875511 2
-0.8226617626417112 0
-1.1915766113934354 0
5.008876607149521 7
5.692006836138978 4
0.5870497575783573 0
2.0485506134117775 2
2.071797779167439 2
3.5007711039379377 4
2.081117310197778 2
1.991197850460059 2
1.621113443486852 2
-0.11336100971546204 0
1.9125878597117556 2
1.4336905057205342 1
2.0668152039010588 2
1.9995007672787866 2
4.851163204868106 7
1.8787799266339698 2
-0.5311835533418008 0
1.9730318906941058 2
2.1441413850765123 2
2.8277847770630045 5
-0.008113158087166283 0
1.8599095577254228 2
2.0267723733614407 2
1.83811383759857 2
1.9507773168192712 2
1.989754295815871 2
1.9420488652418877 2
1.7993827339866046 2
0.7626863589447028 0
1.9934130584866048 2
1.9992801975382872 2
1.9525393960821704 2
2.0115419820342693 2
2.0731088398846023 2
0.6285673830320588 0
2.0010752837658154 2
1.807348234320211 2
7.677450015396074 7
2.095880659161235 2
0.7829248741403653 0
-0.052153387800597084 0
1.9859900235306394 2
1.8932025723910546 2
1.99478104441644 2
1.0303294030693355 0
2.342567487581473 5
7.049617427542467 7
0.9852771804302115 1
1.1116831622107657 1
1.8437379938641298 2
2.0228710028173973 2
2.076213151798161 2
0.9315896515898682 0
1.8991919210289472 2
2.721416621474165 5
1.8674536642034276 2
2.052397561998451 2
0.1200853324394382 0
1.9884917373610362 2
-0.7805280661244143 0
3.4312999008644303 6
1.9724646262901868 2
-0.19176205866940865 0
4.253642988445622 5
1.6369874657288856 1
1.901714161868171 2
1.9841063268555232 2
1.9504043443972572 2
0.2563332564621019 0
1.819314548764987 2
0.9385077685549933 1
2.0003391011412224 2
0.16306467958910043 0
2.760878153779803 5
3.5291808177720654 5
2.0800737118427843 2
1.97246999332234 2
1.8678997859586806 2
1.8282426682027626 2
2.252825584404861 2
0.8791430819471168 1
2.1504732768033774 2
2.0234873418779915 2
4.0720575019565715 5
1.8678997859586806 2
-0.6220013360666803 1
-0.3394954434166557 0
0.793482234234199 0
2.138465053209332 2
7.261794664052612 5
2.060796424590377 2
1.7933653713124882 2
7.261794664052612 5
1.6651555697837976 1
2.1203913800338885 2
2.051958302332619 2
1.9801178810622548 2
1.8094749172885307 2
1.8720357416229871 2
1.9495521760017187 2
2.032551299545307 2
1.897289401934314 2
0.5979327454846777 0
1.834417501181297 2
2.011180103139991 2
1.9903053925238392 2
4.583044769240297 7
-1.5662731034874842 0
-0.6573046670440865 0
-1.1833594385921313 0
-0.006325772266703167 0
2.0503649412628757 2
1.992161736321147 2
1.8028731902596282 2
1.9283026061119815 2
1.2614074980080032 1
1.014696691165571 0
2.0071339371515644 2
3.9060961233914586 5
1.8025384110973364 2
1.3588797750754584 0
2.6656783705344353 7
1.9643340451715623 2
2.0613818906536627 2
1.8861949812861425 2
1.9905987434560255 2
2.004288054661319 2
-0.050457604751096286 0
0.652873655167082 0
-0.06768436058313476 0
2.047077781554747 2
1.9725177462610086 2
2.041081264493751 2
0.9340676868393178 0
1.8644379929979382 2
2.0083799116394183 2
-0.7154529789671664 0
1.0824408702946926 0
2.0441839308089835 2
1.985966061936666 2
0.8849664089097771 1
-0.8902232571548763 0
0.12755424479870814 0
0.32569158963329925 0
1.0117614804481543 0
0.696647415431165 0
0.6459281596589384 1
-0.5497799686382243 0
0.01514861266009393 0
0.9964239479414653 1
1.9196601154024986 2
0.4620592899308118 0
1.9899157715050912 2
0.8622735897583456 0
-0.5636704682632026 0
1.938839232981334 2
0.32824850146374684 0
2.0946012821885156 2
2.019726829609408 2
1.903659194777613 2
1.9660636856179738 2
1.9771279238270847 2
1.9905952649400565 2
1.804503330071679 2
2.0854402556656955 2
1.9279889136649255 2
3.9995868656793117 5
3.024296028749711 3
1.7889802000348893 4
2.475930316576982 5
0.768243631848705 0
1.5332869506838194 1
1.987690051222026 2
-0.6898320239050051 0
-0.04879902860779439 0
2.021697206679604 2
1.9073954086834972 2
3.3500286269799284 5
0.12301563167679519 0
1.8858713762593489 2
0.34240554311956295 0
1.8488581297695001 2
1.8386569330716978 2
2.6293103112351117 5
4.0959463427561005 5
2.0850546828893197 2
1.8729747897612248 2
1.9945207155275377 2
3.408593373807453 3
1.9868843806432968 2
1.8591694225682516 2
1.9432178617241647 2
1.9797207030206512 2
2.122486169371987 2
2.0115473570635407 2
1.959286770677228 2
5.193349141607603 7
2.0083542332908686 2
1.862016813197809 2
1.8902445630586988 2
1.9980608309902819 2
1.9697538739886478 2
2.0233313688705303 2
2.004604789802543 2
1.9617946177626764 2
1.6510357743756192 1
1.8252083401963957 2
1.003752887639703 0
4.574694600028414 5
1.9679497953537415 2
1.8533110095195726 2
2.0065545118645467 2
1.8359109877149768 2
1.8148234362441724 2
1.4641030712313976 0
1.830387154940877 2
1.8147499195788217 2
1.9754707131358877 2
2.0245391024550594 2
2.0887126174863075 2
2.1086981136242264 2
2.0207348668211056 2
2.1551702010359803 2
1.938256717443442 2
2.0000093278958433 2
0.2385295086389725 0
1.7413787159411267 0
2.1292155767815166 2
1.8007678865909584 2
1.9826384717473546 2
1.975922438411441 2
1.9896386559005785 2
2.0026894505706094 2
1.9731346755429982 2
1.980269379598719 2
1.926697143470781 2
1.9517774819095746 2
0.9305761862445406 0
1.9636527393629781 2
-0.14265894607727536 0
1.8633116495799282 2
2.0401796001507937 2
1.9269802672168708 2
1.8711141335419024 2
1.9473799318881562 2
0.8978142783661244 0
1.9926988168496775 2
1.984788050050929 2
1.9447657994772063 2
2.0919117725024154 2
0.8689964141290107 1
1.9597529920033732 2
2.0000927275497835 2
0.823107238945998 1
2.065485103672724 2
3.444368895240588 5
0.13179084165965693 0
1.9182271014943528 2
0.3170698352546042 0
2.0208595657463473 2
2.6377752618488617 4
1.9281608524880296 2
0.17541954420625605 0
1.0637174318949723 0
0.8119918656881682 0
1.8371862837337958 2
1.158102679628116 0
1.8251754766957045 2
1.9069877920821898 2
0.09757801700220536 0
1.8734370142860681 2
2.7903975567326 5
0.45643227567434685 0
1.9273712830523673 2
1.9796878530334638 2
-0.012825769012824395 0
0.05606342054349267 0
1.9726502978651634 2
5.140536663996231 5
1.9995813036130312 2
1.955923960974667 2
1.9688641091612042 2
4.974768852053973 4
1.05342528831284 0
2.0413872744257 2
2.0443161107149144 2
2.678376286945654 5
3.8867678203039855 4
2.733004902063999 5
2.0727948001974585 2
1.8344166307979086 2
2.0099844164876646 2
2.0543823636955207 2
1.9889682315298085 2
0.6600320093987833 0
1.2778581912666074 0
1.98157643568628 2
1.9246899046718204 2
1.9228263955775586 2
0.9240885674302265 1
1.7043012008238765 1
2.5176108272019224 6
1.9369274276709245 2
1.970236876068652 2
1.4058767263779082 0
-0.1975594084153467 0
1.9786434277579799 2
0.469423540207224 1
1.2145754797534676 0
1.970847425493889 2
1.8199258969959538 2
-0.14041964154726538 0
1.9039239918181632 2
6.043425911216655 7
-0.4076599074950704 0
1.2778581912666074 0
0.5867193573281002 0
1.8707017743453112 2
0.11827357259903759 0
2.0966569864715066 2
1.951756768661435 2
0.4679979852469107 0
1.0356834307329685 0
-0.5524438225466226 0
1.9269571303360864 2
1.9642806182927561 2
1.9638377909089038 2
2.012515948546913 2
2.0593918036866627 2
0.5636417270005019 0
-4.527283573742434 0
-0.7059259382568839 0
-0.07492987859598332 0
1.9124246869173962 2
1.811410293439419 2
1.7876230822221406 2
2.073821205108397 2
2.0023634748338295 2
0.46100866507028937 0
2.0175902953934486 2
1.9144763770940723 2
2.0888108324812453 2
1.9821613141662966 2
2.0046614024272515 2
0.4318076480258697 0
2.0105238303700017 2
2.0381294249104114 2
0.6495305579948893 0
0.20698929159749602 1
0.8043505220861342 0
0.2409434571192577 0
1.9327990939184834 2
3.520019912419442 5
-2.956036445578229 0
1.973571434373952 2
2.091689537393222 2
0.6409604736329737 1
2.165076083138148 2
1.9529202361277291 2
1.9915051963202721 2
2.4721629363047963 6
1.4052776825725268 1
1.0620760031551941 0
2.8274043754389195 5
1.8672866245502244 6
2.54146315889938 5
3.562709831220182 6
1.0245053600729164 0
3.237812287997884 5
1.4187243577694222 1
0.7011655329647 0
1.9348020125654861 2
1.9722433339071477 2
1.4746905142051512 0
2.8274043754389195 5
7.078836648418644 7
1.3831874475524921 1
0.5402585359387004 0
3.5421318423347867 6
