-1.4929574350115027 7
6.8644305701700885 3
1.81866151940804 6
-1.459258936754704 0
-1.5903013741304008 2
-0.6304461910450379 2
6.198759930126126 0
7.892952072525541 2
0.8540917680023452 2
3.0238084781726684 2
1.6065729868191756 2
0.33547903863836814 7
14.24155967442318 0
4.315613730551211 2
1.6059235469147832 0
-0.8065550206474354 2
1.716634014297228 7
-0.15638217405203947 0
3.1430180205371734 0
1.1561140215718961 2
0.33547903863836814 7
4.583442490293178 0
1.1708751118765086 2
2.2475209510214906 2
0.9930607842651866 0
-0.1238297902440404 2
2.0794400550281518 2
8.999688924587705 0
-5.393861988516045 0
-0.7288017909637776 0
2.0824419937140055 2
4.19921758106512 6
2.049696904973072 2
5.521791886561582 6
1.9393156242941452 2
2.091857290555141 2
2.5032922453787365 2
2.0152556862429205 2
6.9715284164616165 2
2.0943740030694356 2
1.7271041490621928 2
1.5969889468372318 2
2.0327355134187064 2
-0.509865468425766 2
0.10365939828643489 0
2.0534534153282804 2
-8.510562879337561 0
2.1650046730810164 2
2.401310237791406 2
1.9781865103940577 2
4.881914302763895 5
0.8698216334430517 2
2.1200793928958994 2
1.7138621801039828 2
2.4081334904899334 2
0.11667136762991426 0
1.0064920060367233 2
-0.01924727847948171 0
4.076717196099176 2
1.9249456058306125 2
2.633733448331953 2
2.1254645178893243 2
2.187871494119607 2
2.104832254219882 2
2.034641681876764 2
1.4191271089586162 0
0.09898949814693636 2
1.9015205445821235 2
1.9370169485657023 2
1.3086864076895046 2
-1.8806155364466772 0
2.341026572933287 2
1.6730510312151043 0
1.6841375976224262 2
2.614091465571275 5
6.886297900331493 4
-4.28579707982704 0
2.189955142830862 2
3.494493333075802 2
2.613330011992609 2
-1.7956135600998115 0
-0.05327788143768575 0
2.001773046826103 2
2.478391048713128 2
1.9000146126896442 2
1.820683334998847 0
2.081471170092657 2
3.218262993315305 2
2.0303897066926853 2
2.194945596335093 2
2.1190201928862598 2
2.1291521645475315 2
3.4406441720298693 2
-2.771632741809735 0
5.129801775719233 4
1.0340188537289188 2
1.8598462797067172 2
6.071730324174557 4
0.6218848261701784 2
2.1415809976438913 2
4.6681926990856315 2
2.001184057604255 2
0.09680211889193191 2
1.1985475913450967 0
2.0666900246347355 2
0.8643741728664263 0
2.76658402922821 2
3.7411990977112923 2
-2.010590133495496 0
0.9073375914216244 0
0.2673699778798302 2
6.4373287465280296 0
2.0662778848310785 2
1.8969723533910081 2
0.8506890312777406 0
1.7894501486179513 2
2.4710748483541187 2
1.3932307372225028 2
-0.4049654708349426 0
12.533586051732476 0
2.0943004270758 2
2.000673410199247 2
8.577055348624073 7
3.1648425311303052 0
0.9046583404544222 2
-0.7598335358969408 0
2.5479107538468053 2
6.108089552783041 7
2.197585209875168 2
1.9935024738855056 2
1.9540838397429845 2
1.9965586474553352 2
1.9704307555485472 2
2.3703344365858334 2
2.239505499880722 2
3.5034784869382776 2
4.181206357814529 2
1.903390283095374 2
6.811420335784077 1
-2.979355291423736 0
1.954065000126894 2
2.1311049947533496 2
2.736007441093763 2
2.011064007597966 0
2.1743254572583766 2
-3.821727272661648 2
-2.670859364883534 0
2.075722384184241 2
1.010418160656005 2
4.635146951621673 7
8.503877424304001 2
-2.0573129499494014 2
4.285210757011839 1
2.031277269671528 2
-0.3877970828592956 5
-5.668250877046212 0
-1.3718515558489959 2
1.8911948971733157 2
-1.1785519948291074 1
2.2672886495395885 2
1.260396575251983 2
-4.548183807755909 5
-4.1828562422554585 0
1.8699114426164025 2
2.0087438685808547 2
-0.26777060991402624 2
2.0560031376408894 2
7.482014657142426 2
4.461391915210029 2
3.1640140622925115 0
1.869457882339721 2
2.685631890856988 2
2.4322038673086253 0
1.8944880038584737 2
-0.4217457691271018 2
-4.3623702811580305 0
0.8583345685541055 2
-0.38530839587947896 2
1.8220745081417713 2
1.629354889936428 2
2.1795587732955544 0
9.280674865908805 3
4.530593087599405 0
1.9898349106172561 2
-1.6107522423638858 0
3.952172532601505 2
6.22915991125236 4
-2.629612518629725 0
2.0636291136193337 2
5.243829115189927 2
2.078190798543651 2
2.1913505543093814 2
4.537989723057011 2
-2.218277359772748 2
1.743940610330888 2
2.7827460795560177 2
-4.432943462491852 0
1.996957619158065 2
0.212436276781248 0
3.268661653859105 2
2.0901893535217644 2
4.137840682949348 0
1.8627802307782846 7
2.0327275886459892 2
2.492245190984378 2
2.316166314763752 2
-2.519853581048565 0
2.3189290830980083 0
2.059145674150364 2
2.0809504455220176 2
1.8843725784181011 2
13.170572106569074 4
6.982392916526415 7
1.2140217960979591 2
2.5604430800931484 2
2.160319406801116 2
5.06077796569846 2
1.6310918308963247 2
-0.014666346617634662 0
2.235518030190259 2
7.927067033176134 4
4.738803396190428 2
7.721479329553888 2
4.83031959510944 0
4.016281193474587 0
1.6325592269760358 2
6.858608742683803 7
3.6124674243327197 2
6.858712980289673 7
1.1447677434141748 2
-3.0980914196627394 7
3.6116986675782727 5
8.022130424788928 5
10.605297533450042 2
-3.1737496034529205 5
2.0744823289256207 2
2.2566648739566473 2
3.1388053682973913 0
3.0564354075707936 0
2.7932207233160296 0
1.0334433562925938 2
2.00116512667621 2
0.23219856684234297 2
-2.379905727047956 0
2.094559604091776 2
-0.7563578434102591 6
3.4896334396336446 0
4.545281593865816 2
1.861760725104656 2
2.07683214594233 2
2.3684409386622187 2
-4.758048807101918 0
4.263818148112637 5
8.255930066445 2
2.019048946539663 2
2.361349960362309 2
4.8424418796090185 5
0.3228716807678278 5
3.36660119380092 2
2.049696904973072 2
0.34375594493835115 0
-1.875192711529704 0
-0.3808224147256627 0
0.20225783305381895 2
2.0770890751159223 2
3.7502787775984068 4
2.0053360439066656 2
5.190180518808791 2
1.772150422839154 2
3.900087076813248 4
0.4881548613114337 0
-4.397778499698934 0
2.0246839649643786 2
3.969040589974674 2
2.066844350545595 2
-5.287044888329115 0
1.1819012790332035 0
3.9000503491259044 4
4.099821317828894 4
1.3593752988430847 3
0.3786401953809977 2
2.146425857882484 2
1.5903338441942274 2
2.2155191390063687 2
2.527410900529602 0
1.444418331688856 2
1.9988021218431051 2
5.906776579759993 0
0.35949107507675016 0
3.0919085529624066 2
1.5341145328305938 2
-1.7132188058096534 0
1.0003311117813367 2
3.0589227528782663 2
4.382302523901912 4
-1.4896821073722195 0
3.900087076813248 4
2.1274258786907785 2
0.6109540842402126 0
6.939246250603794 4
5.3018575850796275 5
-0.16394938015156568 2
-1.3143867741168231 0
1.909041883395343 2
2.0288787532174934 2
2.2709240441500853 5
1.9225524586627136 2
2.005672113410737 2
1.9329232644848566 2
2.06086578674853 2
2.56476739453851 2
6.853677909719038 5
-0.003797375764999611 0
4.883176118990572 7
2.131922480013349 2
2.170997103403205 2
2.1080193248738714 2
-1.0005393372327103 0
-2.347359100913774 2
1.9131115015053048 2
0.4434482455383766 2
-0.09823099545317793 0
1.9582698702915062 2
3.502456122543242 2
2.324510685424266 2
0.6807021786655925 5
1.322738397981669 2
-2.7504966047386885 0
2.0096256837217013 2
2.3024247235631137 2
2.5905179015503066 2
1.834402484476046 2
1.9709974046212413 2
2.1575672636494896 2
-11.22868866881501 0
2.070641206861891 2
-1.3820884052265179 0
2.436142971792001 2
2.234124452766282 2
0.9575693782171528 2
1.9935917133548273 2
3.7383862055199097 2
1.412621770330185 2
2.0342217636121385 0
1.304741762377255 2
2.806027709121728 2
1.9465682334363141 2
2.2583795319616318 2
2.0522037864467952 2
2.267922082354475 2
2.152914222640153 2
1.909957230391155 2
-1.016931478961679 0
1.1081447618488338 2
1.9869208821534325 2
0.4423692193125739 0
2.195191864427828 2
1.9220957734454733 2
2.1538474578328626 2
2.7281167441533665 2
3.899786136304285 4
1.5299503369771794 2
-0.28507652385367543 2
1.2179535492992046 0
3.682448104572697 4
1.9410421862359621 2
1.1194314440118498 2
2.271271267889049 2
1.8116980753083238 2
1.8370137234082302 2
2.1913505543093814 2
2.1129748804330166 2
14.399049320512932 7
0.9540212086640099 2
3.097567487449111 3
3.09054960302171 3
1.5878321475963757 2
1.6528918461589188 2
0.26317299207937217 0
2.2095707856133524 2
1.9071330878231885 2
-2.1339900413551254 0
1.3357065188884782 2
-0.9018097037794932 0
1.6295675966083538 2
2.1316265169109823 2
2.14453670712625 2
1.5263237715499458 0
-4.788462790609489 0
1.777103793048058 2
1.7392063639212896 2
0.3571222933508684 0
2.004489048474933 2
0.41102108246460367 0
1.7312157178563357 2
1.9180646368463308 2
1.7440023100379352 2
2.3576279378569334 2
-3.129786343405396 0
5.840906765340973 2
2.86878686557027 3
-2.1699287745477376 0
-1.664948731010605 0
1.7220226075826022 2
1.9217366899612318 2
2.020031334133289 2
1.6300835756779262 2
-7.7104453427871915 1
1.7291929061380735 2
2.846586871586383 0
1.5307893121022105 2
-7.331766023208023 0
-0.20510855170136177 0
4.687399674567285 1
-0.3841348463303953 2
-1.3794444913775388 0
2.429267746202033 2
1.3729581241065427 0
-0.2219053180509476 2
2.155674784607407 2
2.1054430181208494 2
2.217798519264255 2
2.030885926695108 2
5.0320131774951316 0
2.828922532606841 0
0.3426571420656812 0
1.0076397397143593 0
2.016894452613296 2
2.8949850217847883 5
6.224640427674688 1
1.9973245932229935 5
1.2318206532716645 2
2.1040347040943144 2
1.084271937915783 2
-1.5017207789220814 0
1.9644293726351758 2
0.439929788588336 2
1.8979147866452681 0
-3.2648274025019566 0
0.7801618576571265 2
2.6565324022949257 0
0.997712263817867 0
1.9088521916866992 0
1.8561081359612195 2
8.27859417873786 7
1.8170352509683083 2
4.575349193129171 4
5.319569569576369 4
0.41566090931654043 6
3.0719907640007023 1
0.3276831360020993 2
11.679560293929072 7
0.3441812489156464 0
-0.3883500617020441 7
13.233276129975273 7
5.542793789212487 4
-6.997205478162734 2
-2.258900681346838 0
-1.012972539148883 2
3.1158197063142294 4
4.305781584783739 7
5.628395130516247 7
3.0455454964061524 0
5.303610499266577 5
6.135655056470255 0
7.5952281894388625 7
5.432011004798378 2
1.470992181571084 2
2.4584073565002935 5
-1.690466523589852 0
6.1675867172439345 4
-0.3613288492469551 0
2.679969344900553 0
3.3524444053872067 0
1.6374369937769784 0
3.5270653852927536 2
2.085263017471068 2
5.055510098822658 0
3.3432746133051277 2
-11.816367445650625 0
5.366622396176561 5
5.164933200347448 5
2.1417835441695123 2
-3.938918513463584 0
1.789562837814795 2
5.1285328808801545 2
1.915218045719429 0
4.38856010526133 0
5.2245061175560386 5
3.631192694866513 4
3.0455454964061524 0
-2.41755909790317 0
2.8468267681152266 2
2.0949063515180315 2
-1.3910113015311623 0
2.097724791937809 2
3.193713265174323 2
-1.5094990565433422 0
2.999805742164442 0
2.185677700440647 2
2.5389904878511667 0
2.0040693024531473 2
3.3561148411463972 2
-4.154539405916126 0
8.400141757528733 5
0.7420486976556784 2
9.898503001984338 7
4.052729807973309 7
2.889747641863437 0
1.1993969191004195 2
0.14099278839653162 2
2.034641681876764 2
7.740942221668875 2
2.2285655136255333 2
1.2369459418917679 2
3.900087076813248 4
2.1589931428880984 2
-2.859253507365003 0
-0.9113521451594966 2
3.9645537786882796 2
1.7858034057270484 2
4.660464704346338 5
4.378429733420863 0
1.9750178372288556 2
2.126129272991599 2
2.074246755467371 2
2.2380210594561 2
3.753401672198322 4
2.1552390665436496 2
1.5729015354249807 2
3.131210272759723 2
1.4384661611617822 0
1.9772718623686734 2
3.001792536542056 4
7.850075611608336 0
3.300205137039778 2
-3.4520366107038294 2
-0.02495010541470699 2
2.2533553888027518 2
1.8798177079199239 2
2.0403919427139408 2
3.8603631492223363 5
-1.2532033496403716 0
-1.9213452767228827 2
2.533561612814755 2
4.164653770906796 2
1.854291339710094 2
6.709816000244535 2
2.024450117001229 2
2.2018128049673935 2
0.1994541926750779 2
2.099401092619096 2
1.670436457624793 2
-0.3883500617020441 7
3.1123647619601487 3
1.8731147003421496 2
1.7620817771582205 2
1.887575614766986 2
4.441939355774631 2
4.002944576865563 2
2.217290376323616 0
2.2381417169729163 2
2.011037212057659 2
0.8375813530535197 2
2.3640298822284285 2
1.567491123482628 2
2.5724652975645936 2
2.0770890751159223 2
2.2203492877973394 2
1.7086571944227948 2
4.0171232839342 2
2.3112940638885693 2
1.832063350877512 2
1.9922890684190502 2
-3.4410938823548385 0
2.0138720748902954 2
-0.8995557386048538 0
3.256929274845553 2
2.018968521730211 2
2.238682765692818 2
-0.014062798870226656 0
0.5332280690618041 0
0.5470674672137095 2
2.3760881403052996 0
4.2272630907455895 4
2.421540039872445 0
1.948284833927567 2
1.9883649564748487 2
1.9739246407488023 2
-3.087311854600906 0
-0.6139609957059007 0
0.9603058287388244 2
2.573844024441468 2
1.9882637302165087 2
2.709521291848873 2
-1.4269405823287957 0
2.4723981620637603 2
2.8075170620780536 1
9.23381309183201 2
2.5394146519264353 2
6.955831213184038 2
1.77522006424363 2
2.0211280185995766 2
2.253424372159471 2
6.8346279794048685 7
1.6404087904714546 0
1.9121470182984537 0
1.8597771962161118 2
0.8147565331005173 0
0.38414509070736935 0
3.605233247841702 2
0.3962799341156431 0
1.907551617573357 2
2.614228680401232 0
0.8694471139866067 0
2.0788042098718824 2
-0.3138324070731848 0
0.37072595692819266 0
1.9048017548897214 2
1.8237433938048788 2
1.9718129668739302 2
1.8236366064707603 2
2.023684022569231 2
2.0236345723047897 2
4.92696176067462 0
2.0340133284583723 2
2.1384429694671967 2
-2.3273241207580986 0
1.9362643160817874 2
0.5679868890673299 2
1.8573431417601174 2
1.9812524276595065 2
1.579731033168931 2
3.107134574379648 2
2.0377348299648768 2
-3.2375899619464716 0
3.854088853871498 2
5.148630023113326 2
1.2979289471689663 2
6.8346279794048685 7
-2.462827218952116 0
-0.750186774229358 0
6.711478034475806 0
1.9241066288386668 2
-6.6500685712386245 0
2.2110415662176033 2
0.22392778083205322 0
2.605951007234167 2
2.008313557831045 2
3.286583242196902 0
1.8380107615150187 2
2.2417243981189143 2
3.508390173172133 2
3.635562614726097 2
2.3223735845714897 2
2.8805168851968395 2
2.035516647268045 2
3.227670050603015 2
-1.1612298037721678 0
1.9827575630743726 2
-0.039130702072709855 0
2.235682337276141 2
2.449384582759726 2
1.3671745668277737 0
1.1088749622126908 2
-8.508162752219777 0
1.444336641824166 0
2.3226341353127364 2
1.6792456055757077 2
3.3500836297086654 2
4.708212181966439 2
-1.1039807562277046 2
2.4639602976149275 0
2.071803504108806 2
3.5836076869666353 0
2.0322309177037767 2
2.1976788904663636 2
6.845411406255645 2
2.9954411945769306 2
2.067762154672679 2
-5.243945451953038 1
1.8045778629298128 2
2.6437332310791466 2
1.836719638521469 2
1.7540234067501386 2
-0.24083196565694798 2
-0.3596876646812939 0
-1.1168916516258112 0
2.28599904504253 2
1.771600491110275 2
2.190890918563547 2
1.1492228044469646 2
2.2173637578130863 2
2.1684404161379325 2
3.7636068703915404 1
2.4952142325584843 2
2.264862173357618 2
1.9113849065216633 2
1.9196304979644223 2
2.196197435278644 2
-0.4862271870759922 0
-1.0694458852068258 0
-5.104969715542945 1
4.123123263843775 1
2.19317881657689 0
2.098606301610393 2
1.9595006186531654 2
2.1609460317579243 2
-2.9076152919113207 0
3.7929571432176177 1
2.191637561968194 2
-0.6647442995192503 0
2.24757808777818 2
1.8974094889643631 2
2.876749256318779 0
2.9005928033987773 2
2.4020728107397735 2
2.091087504827584 2
1.0578550365353538 0
2.413560811200591 0
1.7599063431901691 0
2.0049408931218533 2
2.094237946787665 2
2.6527728228519027 0
4.07844536567576 4
-1.6105496102376196 0
-1.6119398231474686 0
1.9784908231159148 2
-2.57881274711747 0
-0.08552760522266634 0
2.191637561968194 2
-2.87689537042853 0
2.124903018236441 2
-2.397267674759231 0
2.3416913516730213 2
-1.1018371573606147 1
2.5394179638828063 2
1.596731707855084 0
2.210424759949169 2
1.957925517033247 2
2.0654392205469874 0
1.7959043043824017 2
5.577622787605769 1
2.390547430066605 2
2.1845123708309577 2
-0.8636330834773844 0
-1.490738390441057 0
2.091857290555141 2
0.36605358316212855 0
7.90263021954862 1
6.905300159852839 7
0.15881097068751449 0
2.5477361291891425 5
-2.4244536859695573 0
6.696762786187975 1
5.764860159515536 5
3.3168146965116234 7
1.7880361934481266 7
3.057830165199465 7
5.4980703259353945 7
3.0586763897679057 2
9.654413012842843 7
1.9398187609926856 2
1.1896882161581508 0
2.248658505201109 2
2.021674085654766 2
1.8944075339162918 2
2.127468022009883 2
2.138748334270725 2
2.2807461684313557 2
2.0468540339996713 2
1.585578845980883 2
3.343537646428123 2
-0.2944521492130858 2
2.629100748344506 2
2.2376466294699506 2
2.241155351706573 2
-4.301433845123774 0
2.1353236386422947 2
2.058942958218505 2
0.8911481957678167 2
2.1447441628432307 2
2.1020141431957517 2
1.8881527360658796 2
1.8517647085359215 2
2.4110812052308126 2
1.761929742746809 2
1.9621793356594268 2
1.2075923598795368 2
16.484658380990258 0
2.013559384336781 2
2.0908008486662726 2
2.0473844729081807 2
2.3412954719686843 2
1.9812802051646154 2
1.5397922253770895 2
2.0815287351275478 2
1.4871009727780058 2
7.671714150612179 0
9.688873895953115 4
0.7222119546294257 7
2.1842007036261633 2
1.8432908827120038 2
7.719514691414251 7
0.4071411782307861 0
1.7876715315970353 0
-1.5363654917387788 0
-0.03036750112518427 0
0.6346249040967653 2
1.6723926567269014 2
2.177976190204922 2
1.7791160595271187 2
2.166598121875899 2
4.6235798134841755 2
2.3817332969923406 5
1.6151966940633613 2
2.019354289630795 2
2.175566082339933 2
2.1288807288188565 2
1.8388532408759308 2
2.176728911570385 2
0.5433299308751571 0
2.177903836275582 2
2.1556876727448864 2
-1.3716695420519012 0
1.1472478062286993 0
-0.36734213911796254 0
-1.7878325411122702 7
9.954039572720909 7
2.820412169377457 7
4.746322441975556 2
2.1397295977097026 2
2.3814508054929115 2
1.8743709096003793 2
1.6637987354818076 2
7.097005455034211 0
2.154690546726335 0
-2.238168045800129 0
3.2960850628902847 4
0.4647768494559501 0
0.7981210051441616 1
6.024084053304038 6
3.0836650183297474 2
3.7726295736008604 4
1.3587936300794672 4
4.121812218407989 7
11.143887126759363 7
-2.841157800522809 6
3.6628191896595195 4
5.358312285361462 1
-1.322822635722282 0
0.05041761534789635 0
0.4485214787945613 0
0.8917894886646263 0
-2.1769623773122486 0
2.2579018391950147 2
2.164580142240144 0
1.2979435794687681 0
0.6260470726941842 0
3.1881787908497023 0
-3.2657125209876643 0
1.3426944392656224 0
6.017643521553049 7
3.119262302155973 0
3.6606996407301624 0
12.474558962140101 1
5.347717325017197 5
6.419780069273188 0
1.1549591807289952 0
2.119029734586468 0
-0.042776652647336766 0
1.9550290316285053 2
2.262608939197055 2
2.076924967866362 2
2.2243499298420595 2
1.3101555599743906 0
2.36372475749298 2
2.0446046738684305 2
1.6989892618003306 2
-2.425871522473849 0
1.5326740509990364 0
2.33935164306431 0
1.6441969951942284 0
1.2356399084693879 0
-11.81147426263164 0
-1.4400833040572343 0
-1.4123873965965899 0
-6.317140351230999 1
-0.8011585098265221 0
6.039842533559974 4
2.2872127442478023 0
0.3733551255901666 0
1.0199844497753907 0
-1.245890262704047 0
4.1792583468232705 2
-2.8831832347128987 0
2.0694842738255654 2
2.1289319851651625 2
-0.39701776302008773 1
4.894413156633802 2
-1.0007138498493358 0
0.9011193034496887 2
3.0047912439780253 0
-2.0104277437612073 0
5.0158328240632715 0
-1.0297724019021952 0
0.7822510297230321 0
1.9696670763836723 2
0.43371350892464555 0
1.95824236404886 2
2.1265194912880094 2
-2.079018125377278 0
2.3635958711938736 0
2.0145545243486422 2
0.6499754175178476 0
-1.854373802684863 0
0.7856168299842801 0
2.157080998256153 0
2.057649988520252 2
0.8379967074497348 0
-1.057008951660549 0
3.1815027523964003 0
-5.542123735297739 0
-2.869031947163583 0
-0.9043724358187937 2
3.094390461403828 0
-1.2496823019874717 0
2.9190469970737167 2
-0.2350538045893893 0
-1.1625932057134014 0
-0.6065028525536247 0
0.4385572767096759 0
0.9763587048463339 0
1.358326726585264 0
3.788351407723754 5
1.374468221810615 0
6.296018819690698 5
0.2979509551625463 0
2.225547258315701 2
0.44062816005782834 0
2.0517776759609454 2
-0.37115979969721224 1
6.399710328131637 4
-5.214031109966428 0
0.6384649677839684 0
3.6517028080052985 0
-4.287154074756415 0
-1.5399535653091758 0
9.682273447868395 1
1.5571792954069958 2
-0.1503784914903854 0
0.5380284064590162 0
0.259792663498031 0
6.309220283010313 1
-1.3488416040030569 0
2.423934542431172 0
1.6168315746000457 0
-0.4025164687469853 0
1.4758692415407668 2
1.108790367355846 2
1.9006526474050356 0
1.7205971370750859 2
1.6675610827138394 0
2.0731429628530034 2
2.1513648762609154 2
-1.641645141173995 0
0.6705692783108546 0
2.3177716571454887 2
-2.7056364530920343 0
6.690442750781353 1
5.223715026813078 1
0.3150847921018298 0
-2.0206333472212767 0
2.0463479497492107 2
-1.1459886431420772 0
1.1735244592852785 0
1.8356339890702376 0
0.3803350178514451 0
1.4080803419179264 2
7.828014883468237 0
-0.3080233144761342 0
2.7974062181474872 0
2.176683157411915 0
-7.081813085029851 0
1.446259712232505 0
-3.644421298247555 0
0.5299190131782074 0
3.6942599606291635 0
-7.050285450926915 0
-0.004487474043932016 1
-9.056726763448712 0
1.109722467820078 5
4.052391286379521 4
-1.16639337726757 2
2.1735500254659605 1
2.891014585465528 4
1.57211273206728 2
-1.4888035384702316 2
-0.881111545313727 0
2.744608801645419 0
11.511095335666806 5
1.5232428685094066 2
4.716412621160727 6
-3.146992599889087 1
3.2575596803791527 5
2.331528368966655 4
2.2966040506244534 4
1.55255555011059 7
1.7224418265149535 0
5.476633171044416 5
-1.686800838529997 0
-2.2025875622448803 0
5.130474341348072 0
0.41950991798648185 0
-1.54588042802135 1
5.74188775166967 2
2.33121347719428 2
1.9687408059064582 2
2.7854716632328547 0
1.972693397866887 2
-1.5244706241723092 0
2.13511907971841 2
-0.47895802773367513 0
4.324662982307594 6
1.5314781144616798 5
0.31078580055128224 0
1.0990742700998017 0
2.1502453538130957 2
3.445746038079643 0
3.899707290056001 4
4.097976816225425 0
1.942272511785588 2
1.2615157790189002 0
-3.32883673608341 0
-0.0030081915459527764 0
0.9276854965609058 0
-0.39017155190773223 0
2.237046418188154 2
5.282207435760351 5
1.9432022012644619 2
7.3823215392265435 7
2.112869045717018 2
2.0536214046734056 2
-0.8702260695895794 1
2.045289101323222 2
-12.703488546863193 0
4.484917593114901 0
0.636748837317048 0
0.992333400110545 0
7.416206998146713 1
2.0296977774703633 2
0.596130035449268 0
14.945554344293258 7
2.101147728251281 4
-0.6105351272073711 1
0.3409292962717425 0
2.004794273226277 2
-7.35708632221204 0
-9.317500684013703 0
1.7333451224057512 0
-7.774792279739553 7
-4.138026137469421 0
2.081418754024085 2
2.1331122726819585 2
0.09887352087604984 0
2.213829715251554 2
7.372135844458161 6
2.0377654138924584 2
2.150344819605025 2
3.1281023583670526 0
6.5444641835552515 1
-4.276553672217825 0
2.3185590369934035 0
-1.4940901941071696 0
4.869431996038684 0
-0.19259076954079357 0
7.079092990371033 0
9.94272890821477 6
0.9225754708432554 0
1.132138931170759 1
4.44678060606982 0
3.204326489072277 0
-0.436441717323522 0
1.8193749779890775 2
2.244349147224623 2
1.9405164982036722 2
4.937010071268426 0
6.792498559896767 7
2.177555314281918 2
4.289898152125107 6
1.8768661621072602 2
1.954065818481872 2
1.1547296325738814 0
2.9317640427738887 7
3.2022869586486187 2
1.9262137632009566 2
2.078612269865139 2
2.1521887540497775 2
0.6916538757039852 0
2.3442384271695635 2
8.854200584007925 6
-0.5190631195660791 1
-3.017504616333558 0
-0.9537843201572296 0
-0.4300581683252933 0
4.082578052752139 0
2.307454895383482 2
6.1862486776290515 2
3.370460459036223 6
9.38622538666661 5
8.02973868677872 4
7.0651515467029515 4
2.6749634157279853 0
7.598226936692887 6
7.135736011723559 7
0.8990081156357064 0
-4.491723784364455 0
1.8148155602962968 2
1.5075633968212419 2
3.9423424853161873 4
3.607388810362096 1
1.121238367406734 2
2.5527946894690965 2
3.033260439547261 0
1.6489414348737184 2
15.783534170564728 7
2.6640885743471525 4
-5.644945349107795 1
-0.46418436792550977 0
2.12834617304472 4
7.0651515467029515 4
5.552286226947492 7
1.5386470668908423 2
3.9423424853161873 4
-2.0017643264228937 0
-2.3165782522569245 0
-0.2700993007673438 0
-1.760468025437085 0
-4.761461485659262 0
2.973232486352572 0
14.095103179469538 0
-3.5589820942014105 0
-0.9293989121320221 0
3.7504607777685344 2
0.16625966641830514 0
-3.737523923263285 4
1.4887357572773838 0
2.099391263040075 2
1.9230790551858734 0
1.9177566424606212 2
2.2892165605071515 2
-6.063865402432929 1
1.7454494602028128 2
1.1655225726488778 0
0.6638941390570046 0
2.06717247827494 0
1.9632448994194083 2
2.1848217290804177 2
0.22022176961014694 0
0.5847168106000915 1
-4.603150647838912 0
-3.7513405834327775 0
-12.276558483908241 0
0.3965227171216872 0
6.263173865610876 5
5.663008258748164 4
6.4083000665226395 5
0.7368142060245646 1
1.3998276076084977 1
2.2128014188459693 0
-2.012170174497383 0
5.969168188083398 0
-0.30249121466836093 1
0.6989004022356695 1
0.618073503430796 1
1.9941645610962673 2
0.9078960880889901 1
2.017669275100901 2
0.843953548771794 1
0.7447492582670805 1
0.900110365432824 1
0.7587525726655351 1
2.0053921164942774 2
2.0978767936163285 2
2.2730348385735946 2
2.0857691564682828 2
1.928000930328889 2
1.2669887075081347 1
1.8399066749754498 0
1.8956796474618616 2
2.455516338323605 1
2.2175371481785295 1
0.8914120933985925 1
-1.852879573438247 1
0.6086234460509445 1
1.6501904665197067 0
1.0587239356529567 1
0.6013032257755431 1
2.3986209216366485 2
-0.33833147644590933 1
0.6856047214756142 1
1.7605385739691146 0
0.8808559626796981 2
0.06783491773011252 0
0.516289104065055 1
-0.015519870960883031 1
-0.18082251795616489 1
-1.649724403308942 0
1.87595092087142 2
0.47196331206771514 1
2.026363011502279 2
2.0498107726167243 2
2.257031735485219 2
-5.858893218971898 7
-0.45691331772592103 1
-0.5734624048006414 0
2.5246086606171927 6
2.087795618510633 0
-0.650083059419569 0
-2.1820604640478756 0
3.7518273087558613 0
2.4966383734299944 6
0.47659804275198225 7
2.171250613033414 2
1.903634580185911 2
-1.2310443744711848 0
3.910955204192181 0
0.8701473461015337 0
3.899098039343907 4
-2.5488455477398837 0
-1.2318205929130712 0
2.2632793403723914 0
0.277532800303288 0
10.933604527677296 0
2.040792497696811 2
1.3278484434677562 2
0.8113867118936591 0
-0.89788676539841 0
1.5826381283749547 0
3.125653012341013 0
-0.95746523772718 0
1.540938031601137 0
10.202401364494992 7
1.0432951300377447 2
-1.3732943250560246 0
2.188487206702651 2
4.371834992454576 4
6.979630061512945 4
1.439488953511607 2
10.672304739667132 7
-0.8155878409676192 0
5.097762804568577 7
0.9563595765038375 2
1.3355452529440308 0
-3.357110766755782 0
1.3023677612028033 2
9.377502783034949 7
-2.820749648299177 1
5.417912528967936 6
-2.2965073461413246 0
2.643799764830531 6
8.34928031020199 6
-0.023701871152278953 0
0.8724109484242062 0
3.8997621802111064 4
5.754698115507887 6
-7.090681691146522 0
5.562963029056195 1
-0.04579598974088861 0
1.1573742443505433 0
2.173836038214481 2
-10.796452370005829 0
0.2845516848252172 0
0.15482356030578814 7
11.571343938377764 4
2.114889262707718 2
2.114889262707718 2
1.9572598868546296 2
1.8609339408730756 2
-2.7261666416600407 0
-3.1390644675564987 0
1.2076089982392262 1
-4.781741277591282 4
2.195477891443597 1
2.2568973471088962 6
5.879952770432222 0
7.204568353086392 0
3.5585692278251115 6
-0.5251120955350095 0
7.662573763137902 0
1.8100948009500037 2
1.0543782847920833 0
-0.751268293831816 0
3.7171882518157053 0
-4.049729926031133 0
2.897235351423909 2
0.9191607725076523 0
-3.172224820612117 0
3.718818163977285 7
-2.57384802826152 0
1.6038257996449818 0
1.9664187805708784 0
7.03998513849302 1
2.917684568154151 0
1.8469333525129026 0
2.0433010592012932 1
5.1361203695856 7
-1.1753773176282156 0
2.067887245644055 2
4.900468598782912 0
2.156519328833498 2
-3.86565805800325 0
4.347361972266841 0
1.2213153730448234 0
0.8031180718047486 0
0.731614623756905 0
4.543725893638057 0
-0.5682648188509225 0
0.28092505420077485 0
-4.548978932839223 0
0.16102151941327403 0
3.0160069821784026 0
2.2993252075132835 2
0.8567893585508082 0
-1.6702241346635247 0
-1.1800613455703226 0
2.1001349472639768 2
3.1888855131901566 0
2.413063153953199 0
2.0655776811676683 2
2.164813880628521 2
9.86671046208041 7
1.753204257806077 0
-0.441196896558828 0
0.5685462781211064 0
-4.661514145941476 0
0.30526518171748207 0
-2.8787846075879395 0
0.44270645055216007 0
1.4410344828324826 0
2.1791036733764058 2
1.6574465051650444 0
3.755059261865119 0
4.425175055871082 5
-3.8810367566367727 0
-2.263805660787723 0
2.0776896360874177 2
1.9885488117136338 2
-2.034775927627707 0
2.2495506482312093 2
-3.6306225328863215 0
11.281510875569168 0
5.289020353901568 7
0.3203534127316805 0
2.1032893757408764 2
1.5426082181532994 0
-0.13058464607083153 0
0.25817075201892004 0
1.6221504302844316 2
0.6081857215800437 0
1.6883151802067227 0
2.1151260665910008 2
3.9497295015353497 0
-3.7585883018681763 0
-1.8570939153621262 0
1.5611566560354173 2
1.7775071941936182 0
0.632465965151856 0
2.0839977945339436 2
1.8155977369452654 2
1.507253544753263 0
6.988033823514503 4
3.835817701634169 4
-0.37543600299782853 5
4.207396097122378 6
3.321178928673218 1
1.2692454994353264 1
1.9004790434218948 0
1.1175461836045153 1
0.9884982876691323 1
8.78110947304186 0
3.3618641897985837 1
-1.3450582435077145 0
1.5644976085571196 4
5.100066560189129 4
1.6707572415950405 2
-1.7412370429143704 4
9.836014379688091 7
4.209802846346202 4
-2.7382508634883083 7
2.8074785253382886 4
2.993021716392408 1
5.155101342790806 4
0.9213788026480076 1
-2.409093901288049 1
2.903511431072827 2
1.7373527352580274 2
7.033666756029836 7
2.9792496637185035 2
-2.672981096586552 0
1.8164747586143308 0
-0.5408801762779352 0
2.0130508695666185 2
1.8081616381913002 2
2.1317005704471437 2
4.4566687796458675 0
2.4472772018383333 2
1.9775785085895854 2
-0.5816744178711921 0
2.2381124802328216 2
1.9367510949305642 2
-1.0722629933228973 0
1.8572466538542183 2
1.5806052000173942 2
-1.8544556606952376 7
-3.3923041839303316 0
2.8772048327884168 0
2.2169868925800857 2
2.1291296364959043 2
0.6796004935229043 0
0.5586095776211171 0
1.9920587650783201 2
1.6000334423147182 0
-4.984617053520234 0
0.09331304375286131 0
0.10103387582126078 0
-1.1388500251174125 0
1.3685015131806613 0
0.6661358679497007 0
2.0901574262391196 2
1.0480442619434478 0
2.031046645521446 2
1.564977556200263 0
2.3657449123093777 2
-0.47708802408558504 0
-0.3251630070851912 0
1.917568804262875 2
2.1909915413442818 0
0.8995991121290914 0
-2.143886779845074 0
-0.8415946462682864 0
-2.412308236525159 0
0.18029732825947398 0
1.9266154443944314 2
3.9502664710252526 0
2.050298527051918 2
-1.0357189723984714 0
-4.063265001254414 0
-1.2985418178194374 0
-16.107747454768358 0
2.189069279662243 2
0.3631251154814332 0
0.43585098541107636 0
1.9519664088430957 0
6.023106083070876 0
-4.070413037790793 0
1.686858012370766 0
2.366312541150164 4
0.5579148010858932 0
3.381902733868926 2
2.0486466219431234 2
2.067656654105003 2
2.01967592545738 2
0.26267518923071176 0
-1.238481973097403 0
1.9775785085895854 2
-1.8996724623174261 0
1.835444500750636 2
2.076027176141955 2
0.19378741461587645 0
-0.1560951337476275 0
1.301627211012341 0
-0.7219561427679053 0
-1.880664336936779 0
2.572861942088651 1
0.5269611119620341 0
2.5518849781248596 0
1.2049273148786876 0
11.234612951765705 1
2.0781820333054717 2
2.1622987259893334 2
0.48326233513959793 0
-3.7698723726631247 0
2.2739461149830813 2
-1.3597441662440495 0
1.9427730965041063 2
-2.985758342772593 0
4.812749199714427 0
0.13531401967892465 0
0.053364280148668675 0
-1.9266958688333002 0
15.889756411206745 6
1.9987759238865812 2
1.6443250132441785 0
1.8106339759147216 0
3.094622887802293 0
0.4838419639054341 0
4.198823651008506 0
1.9848558557694789 0
3.378202527488304 0
0.35419309675319743 0
2.0788390203769254 2
2.9069269430241316 0
3.9746713927087 1
6.7673964708708265 0
3.0863523119233203 2
-1.2602343294975469 0
2.906024866003499 0
-3.4112690857013526 0
-8.397333915564055 0
-0.2968076734134939 0
0.3074244225701077 0
2.0253585385170596 2
3.881399433679679 0
-1.1870494170147967 0
-1.5453798965319028 0
13.189624983309635 3
2.80882985455625 0
2.479362742029386 2
-3.4382888472342232 0
-4.487400265048026 0
1.9086387249150625 2
-2.3694549103458318 0
0.7144672507993608 0
-2.4478806172286554 0
7.510868252773053 5
5.813266984090159 5
6.116938353566392 5
2.912038420869262 1
2.0909870393475565 5
-0.5056089690465801 1
3.137957988407303 5
4.622674153558681 5
-0.43401900367277046 5
5.773057620084022 4
3.382564761974409 4
5.951834402588683 6
-4.567744225594102 0
4.780043648280267 0
7.825468743906446 4
-4.482779950081105 0
-1.130186982993308 4
2.2963895725711803 5
-0.48730522468008153 5
7.603184766743752 5
3.687649846996008 5
3.1549363620626476 5
0.6819318400132408 5
4.902369904505303 5
6.3587084545831 5
4.534890858512163 1
2.307839168708841 1
1.8662266189439858 2
2.1572689819780786 2
3.804614442813036 0
1.907345529625568 2
2.098314686234705 2
1.950258469968808 2
3.2091386445395846 2
1.841012652939596 2
2.1119545460662357 2
-6.028811890947709 0
2.2504512749944086 2
2.4678078331129063 2
-0.09832426141782169 0
4.271468632606992 4
1.5041288589707855 2
3.668065700580356 4
8.100756500196288 4
2.09370332342663 2
2.5851745559985693 2
2.02058606404991 2
-1.592910478181761 2
3.625013960729156 2
1.7951032313644224 2
2.6997250919098867 2
2.044007411919952 2
2.06192905831002 2
4.144332511158816 2
1.6096763993572982 2
2.1366115210063126 2
0.054581454789838 0
2.144054230147651 2
0.5047370110353493 2
2.0243454865124284 2
-0.6334732791512521 0
2.127075464159666 2
1.9836834525304547 2
2.0665404211143916 2
6.805390883137021 0
2.06393320729709 2
3.5279906231904867 2
2.123542853687881 2
1.9077773711752208 2
1.6623836192164363 2
2.105862866619602 2
2.076697273762952 2
2.3175275500646864 2
1.8715787715219314 2
1.1787934813751657 2
1.0693388334333802 2
2.149231296597086 2
1.9840169006426418 2
2.185444578151041 2
2.319365715623306 2
2.078193795657394 2
2.1124131824541106 2
3.8785654416876607 5
10.466732954234024 6
1.029891789476576 4
4.094344352532715 4
2.061920736452189 2
2.076697273762952 2
2.1406975510882766 1
2.082483093298028 2
2.286431245051444 2
4.211400345163468 4
2.4665924264500836 2
2.1462584929882693 2
2.1748426328202504 2
1.1286796270187756 2
1.9274192194988025 2
2.413015690740526 0
-0.7833864628487672 0
2.131525564253823 2
3.3910491865195134 2
2.0665404211143916 2
2.868252969727513 2
-1.56203762305056 0
2.0055369401320515 2
2.082483093298028 2
2.346376153627035 2
-0.36010156918752245 0
2.0665404211143916 2
2.0437370953606875 2
1.1949917903561627 0
1.9867328483933477 2
0.07458421031705287 0
1.9961112730470658 2
2.2171123215136523 2
1.9641075383065847 2
1.9735765919107637 2
2.338073820749117 2
1.9513060898446242 2
4.2902700316426055 5
0.7107748545206394 5
2.0643430150142854 0
2.0754778760712136 2
2.0956814802167036 2
1.9532149840872572 2
1.4905873044167626 2
2.228480989433776 2
2.3955077256834176 2
2.285301625862151 2
2.0939964976522196 2
2.732401383171566 2
1.8637494315382517 2
2.2708399014160636 2
2.3304557039169307 2
0.7909359963223903 2
1.6483622116073646 2
4.4487584208230855 5
1.8891844835018847 2
-0.8183229284175881 0
2.0745677959757116 2
2.280148937221006 2
2.1289102481000697 2
2.635758166447989 2
1.903656892085758 2
2.1124131824541106 2
1.8809044716047858 2
2.140342297831831 2
0.6090141739712709 2
1.1093166363300944 2
3.381276212881068 0
0.8913974131755908 0
2.001181479125234 2
1.8072729829928031 2
2.0497401253013185 2
4.7900672611721165 4
2.170477665287054 2
2.06192905831002 2
1.9945559983009338 2
1.905990369229741 2
1.4253885985987969 1
4.016914808002261 2
2.0843872283472695 2
2.1403815352838 2
12.282708729625009 0
1.1523783871493753 2
2.1650174283377828 2
1.8711166345055155 2
1.9504465041046206 6
2.876101728694762 2
2.2312819288466335 2
2.05887537222175 2
1.6684686629901855 2
1.995948028904045 2
1.701299394200381 0
-1.5829880475168767 1
1.9204522676929694 2
2.131823232966015 0
1.3441940156719852 2
-2.5265139925777813 7
2.2006281597938004 2
2.2773130107744555 2
3.3832742964593034 2
4.076144616564639 1
2.7192777250248445 2
3.079917942466259 2
2.167829380687934 2
-2.1322264500990773 0
4.352962367708947 2
-0.7978446921631475 0
2.082967833841514 2
2.2132618357518776 2
2.1257573849654103 2
-1.448773259913014 5
2.135467294429582 2
1.6535375594767987 2
2.051505349859176 2
2.1636716334785357 2
2.048469189342785 2
3.5288973912234436 2
2.1649731907976175 2
0.5379606473787295 2
0.8316246970438579 2
-0.07644438131097364 0
1.4766822620902826 2
2.6914638182741397 2
2.9756849324216486 2
4.126714938757487 4
-2.744620744495127 2
1.7991748789029995 2
3.565292655443252 2
1.8665496312438554 2
3.380567256570762 2
1.8790926176281033 0
0.5806798705077854 2
2.05861220833948 2
2.1045736873074956 2
2.210372216791183 2
2.082483620164189 2
2.1268589345384816 2
2.395459696750166 2
2.2395416902542236 2
2.550964680376487 2
-0.5235797517444711 0
2.306989656526771 2
2.098314686234705 2
3.0553937134535447 2
2.3377181067002186 2
2.079376677916447 2
3.1185573000183897 2
1.9752065225699234 2
3.183779465417173 0
0.21819193587348917 6
0.6312821968139313 2
2.076697273762952 2
1.3917110058961664 1
2.2709723946084024 2
2.548668451676881 2
2.2066527044223694 2
0.6807524605160902 0
1.5966112724787227 2
2.115943377486356 2
1.3289593404522233 2
1.7759314167501936 2
2.1954659386003232 2
3.053180608118499 1
1.6108240275420518 2
1.8519807636904126 2
2.1984636152120234 2
2.225061075369279 2
2.1436818707267826 2
4.354812860291226 1
5.868425152878605 0
2.469236174709909 2
2.960531680484067 2
2.5013010415110375 2
2.002849988399246 2
2.565139659797828 2
2.1344365141625548 2
-2.074615301919705 0
2.127267141582378 2
7.113102417425597 7
1.450130731205535 2
2.2286350776550967 1
-2.045603815048656 0
2.071727459387419 2
-0.7065785372908169 0
3.962750804113064 2
1.7591683997622098 2
1.7770286727203577 1
2.104629881138872 2
2.282222339484465 2
2.0517722056809657 2
8.702185269674487 6
3.9494202412683572 1
3.697733531690614 0
3.1089427018102054 2
1.5386225376711802 0
2.13864007400905 2
1.8174149975675058 2
-3.2914262997226764 0
2.0111085309938037 2
1.16033549491848 2
4.397494287047254 2
0.32024716917916085 0
0.4208821914868459 0
10.094482645516187 7
2.8928433484029092 4
0.4985980111913919 0
2.2619847052977518 2
2.801473100760936 2
9.418903337940804 4
1.6835092984550708 2
1.9049924135046417 2
0.5265252174820045 2
1.1446544310778044 0
1.9155125041571985 2
5.285059498062169 1
2.7118058100747198 2
1.5908560566495773 2
4.829179958788173 7
1.334445271123233 2
2.060115296843872 0
1.902583895795568 2
2.9713453306588304 2
0.61208334333987 5
3.5902827028302937 0
4.5651526409690675 2
2.076697273762952 2
1.9806215756624674 2
2.0683299640125687 2
2.170052163341489 2
2.0683299640125687 2
2.661214655375277 2
-5.869037221178339 0
2.325016531875844 2
2.1960376675793825 2
1.9122600979288102 2
1.9461553949898462 2
3.628134360362817 2
-12.046632253331783 0
1.8940159938716399 2
2.132983007798885 2
7.0599191619242605 7
1.9959473360941822 2
1.839642384107571 0
0.4834971591648114 0
2.0828064731525364 2
2.272955449833842 2
1.9191673929373514 2
-1.2967702556890932 0
2.450898266882123 5
5.212340114715496 7
-7.189550015792226 1
0.872317207910118 1
1.399685567048331 2
1.4642722804021913 2
2.2863954210375814 2
1.1568711735721853 0
2.476368827489134 2
0.6267336065332969 5
2.011715731325526 2
1.3998638440104592 2
1.975270929741991 0
2.243905733234097 2
1.0731713807957826 0
5.279037781001487 6
2.142528462551204 2
1.471189026852859 0
6.295942939421567 5
3.1675751010470115 1
3.484055444934538 2
2.7553047399205175 2
1.9844282975050966 2
0.8297678125779573 0
2.1944584419068214 2
1.3864856043116964 1
2.202670170704321 2
2.5413688417694464 0
2.686745483921147 5
0.026546013168346372 5
2.07096814094833 2
2.0947625234603713 2
2.3383963455061845 2
1.9505771831206689 2
1.9524089683502572 2
0.5653023238349848 1
2.119497481656108 2
2.110344231892169 2
3.0804024704803736 5
2.3383963455061845 2
1.1697414875324732 1
1.1786657346537863 0
0.9499006815244433 0
2.2251493941009777 2
2.9194809323364153 5
2.865444133454959 2
2.285527511073459 2
2.9194809323364153 5
8.90780276177723 1
2.193710165157504 2
2.041021504058911 2
2.382481420670342 2
2.783044614675485 2
2.019022204528654 2
2.7958851935155433 2
2.392702690099949 2
2.079407052709156 2
4.7170946194675345 0
1.9412121576446049 2
2.1062306508959727 2
2.137848011620995 2
10.14678769354019 7
3.6610510014152466 0
-0.274808034327475 0
0.49094708374774676 0
1.9387163793148503 0
2.09781090198097 2
2.1200594215893807 2
2.249252018373075 2
2.79605701129055 2
7.227626554235758 1
-6.380768364447754 0
2.0024566592343223 2
1.2272142300665416 5
2.6447138173900435 2
6.922791971297556 0
1.080871172921355 7
2.03553598489147 2
2.2205949028669445 2
2.0092446671400372 2
1.9898573727896431 2
1.9662696619019444 2
0.03322532827252167 0
4.00035133038483 0
-1.4638540259434325 0
2.1331444266712287 2
2.100186772895649 2
1.7358411609676558 2
3.7857803184620167 0
2.285927813427856 2
2.194633826668528 2
0.12943129769351458 0
2.163974743586433 0
2.0748700409831087 2
2.262727499351061 2
-4.517201579522817 1
2.2533719028022743 0
2.1156368353540533 0
0.1730045131635649 0
0.686331739276488 0
2.205874319873831 0
0.8618291794663759 1
-2.456098675483756 0
0.01701858486016916 0
3.3084651707830783 1
2.764746890173674 2
-0.7706972376717964 0
2.0694419728415623 2
-0.6993317542459827 0
-0.9366278200568339 0
1.3880803989639403 2
1.8656684493427496 0
2.1645523074367565 2
1.3676903953683277 2
2.0286462333721875 2
2.0324258882940995 2
1.9926735958246156 2
1.8714806078483015 2
2.2546408471069004 2
1.9147508620644018 2
2.021265739201243 2
1.7989065175950394 5
1.8574144488398265 3
2.3238613975934292 4
3.5590425944705597 5
0.8017446648655513 0
-1.1053859645746946 1
1.7085973026017587 2
-1.255129050936335 0
-1.5294630692397064 0
1.951138962022551 2
1.3012850673640588 2
0.47959916107990064 5
0.5406249030855073 0
0.8672853594278085 2
-1.2121386661391103 0
2.0089884721878404 2
2.519273998380049 2
3.0445394210299948 5
-1.2310008519910791 5
2.0607209838584017 2
2.0515623738654716 2
1.4782017155600284 2
3.7663161902056927 3
1.851659622141337 2
2.794318575962683 2
2.9123709226369874 2
2.038345381247919 2
1.7961333619448607 2
2.0326541943114833 2
2.2040280052609296 2
5.206120478654078 7
2.1650174283377828 2
2.3517811185409716 2
2.453962155422623 2
2.0853775609172445 2
0.6205505979361214 2
2.4183275105932216 2
2.135781116019948 2
2.0976781081971416 2
2.1201851378668186 1
1.9747993317118762 2
1.3476886725701729 0
5.039504228966271 5
2.222895855965756 2
1.9712722751670102 2
2.1778341811405326 2
2.0373333042576816 2
1.4424038718600902 2
8.976467727591729 0
1.9391285691193667 2
3.0779839744303024 2
2.079994308007894 2
1.731802108618733 2
1.9345966539743757 2
2.4021288337035775 2
2.0402306512189394 2
0.7295644975802167 2
2.098978514462555 2
2.163423369075722 2
5.6927961653455394 0
2.098972683375716 0
2.123792997966527 2
2.1448736380304454 2
2.41860563657706 2
-1.18477258329424 2
2.198834857231807 2
2.30852284311311 2
1.9550847413569992 2
2.3259891271203186 2
3.1615379153503964 2
2.420722393509707 2
2.0889373924988375 0
2.066238891403253 2
-0.0479373929507243 0
2.141125082373142 2
2.086326330880488 2
1.8811773626367803 2
2.1535312513343747 2
3.9095947849009223 2
-2.862167639909279 0
2.127855314210225 2
2.070833104986 2
1.699414581992476 2
2.2609536889467208 2
1.320533164479145 1
2.0043612152281503 2
1.9337228814284437 2
0.4935690047242651 1
2.0779643151630705 2
5.02879620513253 5
-0.555233577199908 0
1.8158752075736162 2
2.634058379328349 0
2.276588513092985 2
6.831571465676683 4
2.3405513516617296 2
-4.619697342402593 0
3.541301237662095 0
0.5554979734887666 0
2.171617248590932 2
4.183483784484899 0
2.0977360492735917 2
2.0833410595692152 2
-2.411844327124582 0
1.7702562583310577 2
1.5811317177545108 5
2.5009245155314916 0
1.6542038260422816 2
1.4731556743467655 2
3.4372266460498793 0
-5.408336849640026 0
1.992035184710139 2
1.2350761178561098 5
4.991733002815979 2
2.656054198249044 2
2.1713239235796236 2
2.9363264281833916 4
3.405129404457771 0
2.737300490790883 2
3.1270049756825165 2
5.435451112543335 5
-1.5128980710154945 4
5.36483488718659 5
1.8559278811458346 2
2.1127001901116724 2
1.8621305045125693 2
-0.2119704384523764 2
1.389670376440301 2
4.656445664362051 0
-1.313084551917713 0
0.21388817207574196 2
1.9922524883110693 2
2.0544381330443127 2
1.44841349060052 1
-1.8680220891263726 1
4.138051396584137 6
2.0855277295316235 2
2.098314686234705 2
0.5290482819085887 0
-4.801010321412492 0
2.4813714561405384 2
1.7769706871034885 1
2.274624384429117 0
2.609753772237101 2
-0.0856813421547733 2
-1.7835473743681407 0
2.4725095547031497 2
12.474930584010355 7
-2.197678468973022 0
-1.313084551917713 0
2.6476198081901474 0
2.0628885542653412 2
8.374204467408159 0
1.5469173210295055 2
1.6213353889859876 2
2.8700009660542842 0
2.8751516837636975 0
-3.3730068228560413 0
1.5656686246739322 2
1.9652415940034509 2
2.132411111813858 2
0.4825836557862466 2
2.245676917944304 2
3.887808537363007 0
1.336720737531135 0
1.488913489751094 0
0.5917915669173148 0
2.1874565715593435 2
1.9999827684531912 2
3.917280246433701 2
1.7471710453878748 2
1.7326447063144341 2
2.4150975049995513 0
3.6440534081778004 2
2.291719186929866 2
2.7040292854815133 2
2.190334297772856 2
0.7027946363882778 2
-2.1501534654279633 0
2.3527329780417197 2
2.3198728378585356 2
-2.2372314183036597 0
6.9902121715142504 1
3.1271454692473606 0
1.8356649652075616 0
2.0133968281611088 2
2.5196448799739892 5
0.0334225894486988 0
2.0535617485814646 2
2.0781274331137265 2
4.563325148384834 1
0.6293930824661722 2
1.9629119541327953 2
1.7024259444967036 2
4.767517222394846 6
7.476375415406937 1
-5.238719910873799 0
2.9170613964043604 5
-3.8001306966681714 6
6.401905578189704 5
5.1400210274161715 6
0.6830097821019123 0
1.660974645133276 5
6.617035096518651 1
0.10745879111661605 0
1.9128485884354482 2
2.153427722056934 2
-0.3511369542099645 0
2.9170613964043604 5
7.840448827503235 7
0.4283029063339783 1
-1.1510324688170754 0
6.0497892479554976 6
