2.010229401568765 7
1.903699403647337 3
1.8820836301891581 6
1.8691816894427222 0
1.87427197828142 2
1.8859033222743666 2
1.868193019722515 0
1.8710809271075133 2
1.878245138431372 2
1.8871091202938075 2
1.8836699650650617 2
2.0079411315314237 7
1.817957413816831 0
1.8684517798754834 2
1.8015689981729601 0
1.8889659109329118 2
2.0065092611972557 7
1.8182536647974092 0
1.8759813572648896 0
1.8651959287247728 2
2.0079411315314237 7
1.813885757802497 0
1.8771333866885906 2
1.8869510626152788 2
1.8046210983848723 0
1.9361318440098543 2
1.9001719892490616 2
1.8675946241016945 0
1.8722953501822608 0
1.8193338004542765 0
1.9637483568092933 2
1.882589404952668 6
1.9249430729376424 2
1.8782313593658395 6
1.9674628204799052 2
1.932407554077382 2
1.9249120647297002 2
1.926631614724843 2
1.9000685688923915 2
1.9295366125962776 2
1.9432783249958436 2
1.9411583194889557 2
1.9639346837075244 2
1.899995403167645 2
1.873488055623798 0
1.9648115896331548 2
1.8442515268966426 0
1.9553088867262027 2
1.8901101723568792 2
1.9614630262431254 2
1.8898397730747827 5
1.8999060191567452 2
1.9610212237512892 2
1.9870049565300998 2
1.9514099831196459 2
1.8708474166692781 0
1.8859918869283878 2
1.8717629571671643 0
1.8834045230615368 2
1.886185547552122 2
1.8847940419307292 2
1.8967136047842315 2
1.924120383100899 2
1.8769682207597365 2
1.9284671948106005 2
1.8768737074671 0
1.93898171355545 2
1.9249425512606821 2
1.979139755053179 2
1.8724107886470427 2
1.8695369688930588 0
1.9051300956318395 2
1.8260728714418775 0
1.9449323368796987 2
1.8808594615033416 5
1.8992235762804128 4
1.8672008788354217 0
1.9611248521908897 2
1.8703676567813403 2
1.9843346110542848 2
1.8718323556345828 0
1.8654465140032488 0
1.935952301015726 2
1.987919468296613 2
1.943463686969736 2
1.8778945127321869 0
1.923969798551992 2
1.9228950841191417 2
1.8976922233697904 2
1.8975659303993186 2
1.9633562356515557 2
1.8976238489339128 2
1.9357316591173106 2
1.8407253034746722 0
1.878922467155763 4
1.8895249977449122 2
1.982466617751779 2
1.8790360403795956 4
1.8948162583777486 2
1.9607631227581113 2
1.8747096891691468 2
1.9608191915181252 2
1.8849681658915356 2
1.8712995549376779 0
1.900205478893736 2
1.8717420511536451 0
1.8829694268953947 2
1.888172991436431 2
1.81498393346111 0
1.8758820069749826 0
1.963934691132583 2
1.8609523180343812 0
1.9784302963002858 2
1.9880656916414574 2
1.8751542655512237 0
1.9753365489612371 2
1.9155491131826494 2
1.994084609527252 2
1.874109357049869 0
1.8341663810309319 0
1.9606019334306888 2
1.9143621438700298 2
2.00807205878946 7
1.8723985189936414 0
1.8918952463064205 2
1.8647002573687934 0
1.889581742838766 2
2.006477537949372 7
1.885703523569028 2
1.9767943013334164 2
1.9639347135844598 2
1.9234292163054305 2
1.9355469663041744 2
1.9925069237226876 2
1.9593133273930927 2
1.8934767861345043 2
1.8967477493181677 2
1.9425142437545202 2
1.7728694409746044 1
1.8632622672550756 0
1.988889306047057 2
1.9418157839335362 2
1.9450998375452586 2
1.82128145602143 0
1.9989900489965977 2
1.892312011645211 2
1.8186906219909424 0
1.9362396415095078 2
1.8789879510166947 2
2.0073699079361442 7
1.9414428257656844 2
1.9000003127863005 2
1.7727735596999226 1
2.003832507168452 2
1.8768687668884059 5
1.8133275019043542 0
1.897922778093396 2
1.9239738955323504 2
1.761699328851427 1
1.9514899496254787 2
1.883723332687391 2
1.8763603055652807 5
1.8749529559189169 0
1.8967844506855698 2
1.9360179629051402 2
1.9478584469938014 2
1.9248694079105073 2
1.9415709596786668 2
1.889238971152907 2
1.8136914358082854 0
1.8828888029061355 2
1.8938804844758872 2
1.868496251104635 0
1.8969515865387732 2
1.8883294515533435 2
1.8106158242375094 0
1.914630843223431 2
1.883235069782517 2
1.9367034377906054 2
1.9429792518591245 2
1.8759576589022808 0
1.9059269770461456 3
1.8687311185540263 0
1.9878726798523085 2
1.8718561447389845 0
1.885822612775025 2
1.894832243399575 4
1.8778758745786854 0
1.9332200544498739 2
1.8827707131252622 2
1.9770551800339686 2
1.9243216407014851 2
1.8733394984673284 2
1.8915970964096096 2
1.9649392460045834 2
1.9602733073880423 2
1.8439271980558924 0
1.9155494944215001 2
1.8776947973569185 0
1.8809998671818995 2
1.9418818396706612 2
1.81915359696172 0
2.0047580703973598 7
1.961263287623041 2
1.9262887196983172 2
1.9407466524605121 2
1.8658023854479915 0
1.8688828238350514 0
1.87905099582119 2
1.8999300221444138 2
1.8781967691945796 2
1.9076661746682735 4
2.0011958194463872 7
1.897090440819498 2
1.8837928175459768 2
1.900615904178788 2
1.8790248412794324 2
1.9028276230518488 2
1.8250898714678885 0
1.9105619227185153 2
1.8904982253943592 4
1.8812903333047326 2
1.8666544807806043 2
1.8167900970137807 0
1.858493072990234 0
1.9018447178428564 2
2.002123448085991 7
1.8998811082733085 2
2.0017718298106786 7
1.888402602347132 2
2.0063158239959966 7
1.8813958800819262 5
1.89090673598002 5
1.8783512621076723 2
1.8819950870361521 5
1.8912855632665755 2
1.9769118942816581 2
1.8288426372090412 0
1.8705587787271183 0
1.8200138922882276 0
1.9461333786383028 2
1.9800174192547957 2
1.878850726544069 2
1.869049692603187 0
1.93644261528029 2
1.8791560762882353 6
1.877021618110126 0
1.9435572467491793 2
1.8818518832611004 2
1.9609810205948848 2
1.9591093282475296 2
1.7953160197923033 0
1.882315634901181 5
1.8959796899499415 2
1.9433795998412542 2
1.9520279057724788 2
1.8831454104355683 5
1.8801164434251458 5
1.886358322980842 2
1.9249430729376424 2
1.8619928904857908 0
1.8728859921280938 0
1.8700247731534576 0
1.8895798718547347 2
1.9359356609728273 2
1.9014398271558588 4
1.8824903494597054 2
1.952350893137642 2
1.9409375254467018 2
1.909443599210367 4
1.8209127485183987 0
1.7886102671132593 0
1.9249433387156731 2
1.8702430367696226 2
1.9324078198554124 2
1.8149585937752908 0
1.862323823310204 0
1.9051155773739132 4
1.9046173391246917 4
1.9056438987951323 3
1.874829568815519 2
1.886492731369941 2
1.8702866658163009 2
1.9647543843688982 2
1.8079574917766112 0
1.8840335478305417 2
1.964313749094112 2
1.8247505657190912 0
1.8217264139763434 0
1.9290035084921313 2
1.892183665739952 2
1.8217586686013778 0
1.9335335520437922 2
1.8946885576788703 2
1.888590909232152 4
1.8112373351294162 0
1.909443599210367 4
1.9119083423533154 2
1.8703000805415215 0
1.9102935329897988 4
1.8820870494667385 5
1.9324089893786796 2
1.8770193577552663 0
1.9489567198229472 2
1.8798119162858975 2
1.8804070646687894 5
1.8903896162934457 2
1.9612487017355977 2
1.905591148718044 2
1.8877990959033264 2
1.9013931007111706 2
1.8898364033952408 5
1.8745482292570448 0
2.0023026955845724 7
1.9791549389169145 2
1.982328967036097 2
1.9608747542065392 2
1.8262075355328014 0
1.9382318937852205 2
1.9671652029221784 2
1.9243715334529388 2
1.820124824194229 0
1.8908972265249284 2
1.890699550492771 2
1.9473544206087057 2
1.8787349379998202 5
1.9242849772007595 2
1.8639776993462644 0
1.8924045922677406 2
1.8928045242583038 2
2.0036587589012558 2
1.9449325003463525 2
1.8926460891042851 2
1.9076160621536213 2
1.7982248542531833 0
1.929024460245116 2
1.8677243430537833 0
1.9607747327223313 2
1.9243288344937983 2
1.9448956146202176 2
1.9397104702274157 2
1.93094444019384 2
1.876458354025196 2
1.8693998949631057 0
1.8795026426428734 2
1.9418833638347683 2
1.9417898958910074 2
1.891212478290998 2
1.8931216928958108 2
1.9764441130063966 2
1.9462283125574722 2
1.9611247661148488 2
1.8637851653229973 0
1.8868687006958864 2
1.9421496388050379 2
1.8710492999947108 0
1.9647391968101124 2
1.9647474019651272 2
1.946354098750081 2
1.8925606588263661 2
1.900181865757019 4
1.9413038397367537 2
1.8803333836577432 2
1.8178916245547148 0
1.8992728821370637 4
1.932484936044324 2
1.9898128433845268 2
1.924329705208135 2
1.9446361486133965 2
1.9259575677348044 2
1.9243216407014851 2
1.9807085305761332 2
2.004044022025946 7
1.890267247139933 2
1.9069443287304049 3
1.907243993040144 3
1.9907145842504879 2
1.924883729260152 2
1.8043899511687223 0
1.887255964463931 2
1.881469008380758 2
1.8731568192053607 0
1.9811425733094852 2
1.873088533706422 0
1.9430050547648485 2
1.9165577260390438 2
1.9290209863772025 2
1.8740496246512237 0
1.8062311557414934 0
1.955184046508466 2
1.8909705273674653 2
1.8710827481956886 0
1.982179813274395 2
1.8694409471163573 0
1.891627847300922 2
1.8929819241608565 2
1.896148972480116 2
1.893862272844566 2
1.810218831233817 0
1.8798695475872416 2
1.9074403127912527 3
1.8720010582093245 0
1.8721878507605345 0
1.8992325732391533 2
1.9341313656295376 2
1.9348808372396686 2
1.9249433998498597 2
1.7494077961004952 1
1.9643319196394817 2
1.866490475318761 0
1.886703978793039 2
1.8713408738410457 0
1.8566866726032891 0
1.8766775092247736 1
1.9007554308656995 2
1.8644073685457616 0
1.9405091445738474 2
1.868806611196735 0
1.8941202201116063 2
1.9244832296652543 2
1.9611598186698695 2
1.9145597968971542 2
1.9789421995047705 2
1.8755643043449608 0
1.876027528055685 0
1.8228356616259869 0
1.856581430253764 0
1.8977317539287784 2
1.88357028453801 5
1.7579803563303429 1
1.8800386624028456 5
1.942074656036912 2
1.924938917244312 2
1.978117373661228 2
1.8042220711285475 0
1.9839580217912207 2
1.8745110437479957 2
1.816173489056985 0
1.8077912175465418 0
1.9376115198102237 2
1.8722781791216567 0
1.8238770660584211 0
1.8708263837001322 0
1.9142951072796035 2
2.00327729934879 7
1.933750299577535 2
1.8953105733017448 4
1.9099858768797309 4
1.881139383140876 6
1.7541429955970778 1
1.8762955769560332 2
2.0088748097234914 7
1.8253074025188694 0
2.0109802987525094 7
2.005648950722996 7
1.8760958142554847 4
1.8873186204293815 2
1.8246134201069533 0
1.876033855458729 2
1.884380005810184 4
2.001620596453335 7
1.8790154002291868 7
1.80061885077659 0
1.8825933560709889 5
1.8203620506801408 0
2.010949123877815 7
1.8788379653876837 2
1.8856904528363903 2
1.8870149502690698 5
1.8125705426368577 0
1.9112772698981797 4
1.825504896744088 0
1.8629758855135172 0
1.8186269559250803 0
1.7892832037365634 0
1.8702973682176482 2
1.881067637005946 2
1.8269529247220941 0
1.911351848241239 2
1.7925509631544552 0
1.8898616362889686 5
1.882647484566054 5
1.924948144778476 2
1.8064642838250415 0
1.96096510986285 2
1.9113102819042187 2
1.8713431210637754 0
1.7948906555759092 0
1.8881352330783074 5
1.91121191363452 4
1.80061885077659 0
1.7805091401529114 0
1.9345216960314138 2
1.9454029360548462 2
1.830315624495974 0
1.9252655619417391 2
1.9243695155152671 2
1.809561792442888 0
1.824632874306364 0
1.9481900728825952 2
1.875210532218509 0
1.968113514085469 2
1.952808262277156 2
1.8083348841091622 0
1.8849221509499379 5
1.8781321214793523 2
2.0105494557153625 7
2.0103749001050217 7
1.8674666410287213 0
1.9249430729376424 2
1.8670458262864063 2
1.9284671948106005 2
1.9340904085130584 2
1.9529853965465527 2
1.964329510037206 2
1.909443599210367 4
1.9911084077945915 2
1.814755702643913 0
1.8872514467907011 2
1.994568684473097 2
1.992225477509023 2
1.8822821205326234 5
1.8703407368817688 0
1.8852021072832421 2
1.9260219249531727 2
1.9253307442063377 2
1.944584271702964 2
1.8954866364082694 4
1.9607990202767838 2
1.8872509909202846 2
1.9833599154687462 2
1.876473516826388 0
1.9249099355526518 2
1.8996994470957258 4
1.7816722118424546 0
1.9418127731470574 2
1.8947882206896143 2
1.9432564044006255 2
1.9642914466538957 2
1.9434748118040763 2
1.981507995850925 2
1.8789110097107116 5
1.8714793748474576 0
1.8991967413794995 2
1.964765427555225 2
1.8888908691240391 2
1.987792079958204 2
1.8871301460467311 2
1.9907434470062535 2
1.9436096851723956 2
1.9675426001965923 2
1.983069662919537 2
1.8963902735036116 2
2.0109802987525094 7
1.9073782394257617 3
1.9764369822115637 2
1.9407574994972383 2
1.9421759926156719 2
1.8938093899496466 2
1.8875856639018578 2
1.8139344566184294 0
1.9832502459893742 2
1.9248850330543614 2
1.9427994690880115 2
1.9633680023302023 2
1.979449157757038 2
1.9262506923956033 2
1.9359356609728273 2
1.9607929652997134 2
1.960798879234178 2
1.886493044235113 2
1.9101261755755614 2
1.9101812167025707 2
1.895386004323793 2
1.797080050224464 0
1.8926374704042046 2
1.8031219428018042 0
1.941827757807029 2
1.9612833853327711 2
1.9365118737496014 2
1.8644682859655637 0
1.8618486013023121 0
1.9398812539532222 2
1.8719190394198164 0
1.8950211999646636 4
1.8612413835492612 0
1.9809987560226954 2
1.9533013400225705 2
1.9249430886800547 2
1.8255560616903304 0
1.8163301518028527 0
1.8881257204663562 2
1.9651737687227178 2
1.964329492719064 2
1.9266301344597685 2
1.795599716756717 0
1.9324072202651845 2
1.7726469405896388 1
1.903745316322567 2
1.9511653291529527 2
1.9432415124975542 2
1.9074100246946433 2
1.9249663920743978 2
1.9364324102297708 2
2.0029560215140956 7
1.786783642738957 0
1.8180949369205666 0
1.9254929622947994 2
1.8612981170057825 0
1.8610241337089428 0
1.9815325465781413 2
1.872921513469388 0
1.9616652574704212 2
1.8161610368186931 0
1.8186741744316026 0
1.9608013700812061 2
1.813534908405982 0
1.8734094342790484 0
1.9056280526410223 2
1.9056280475192893 2
1.9056280539682808 2
1.9056275322913208 2
1.9056279444583601 2
1.9056267822786408 2
1.8065075260784504 0
1.9899430345883975 2
1.947013142591845 2
1.8652237167107222 0
1.9616490773751971 2
1.890634804223811 2
1.9388834670185324 2
1.940704054144476 2
1.865819339945636 2
1.941663066409261 2
1.952413865397791 2
1.8111599350099399 0
1.9390399327061085 2
1.8918883181610093 2
1.893930882811063 2
2.0029560215140956 7
1.869983009411225 0
1.8737597832230624 0
1.8459669421796365 0
1.8928845437849582 2
1.8707075945421547 0
1.8861884989158697 2
1.8609664821184089 0
1.8951336753776455 2
1.9248818326435386 2
1.8757845353288145 0
1.9828419227130343 2
1.9771822639324244 2
1.9239688303684703 2
1.926879490050246 2
1.9464038890403994 2
1.8848556741430758 2
1.9394309447472968 2
1.9614804170325844 2
1.8741025588897668 0
1.9643025723240546 2
1.8770117139030886 0
1.9025103651658288 2
1.9817771126452888 2
1.8728426218251868 0
1.901784614613866 2
1.8636516170034332 0
1.8659333731518337 0
1.9285057042666844 2
1.9404729845499866 2
1.9515955409538224 2
1.8691247361633965 2
1.9393213683267483 2
1.8156117579164632 0
1.9775844992263611 2
1.8692217647139149 0
1.9775627959840463 2
1.9260102062764504 2
1.8821511233795793 2
1.9807695611016518 2
1.925162893547171 2
1.7515621428656944 1
1.949498106335461 2
1.9249779060811132 2
1.8997086566983206 2
1.9418377721757372 2
1.954934944856289 2
1.8616937604479715 0
1.867594510107583 0
1.9260041843599345 2
1.96068222781943 2
1.924949235111863 2
1.9880939334331347 2
1.9249371454828013 2
1.983279007759086 2
1.760422465902326 1
1.8896826681218233 2
1.9392777073615313 2
1.9454362502901028 2
1.9112021616892214 2
1.9782372186381956 2
1.8606219393243457 0
1.818836383792466 0
1.7515225251789328 1
1.7591817816456203 1
1.876590330359308 0
1.8983245573225915 2
1.9438034414709957 2
1.955860646695082 2
1.8526018278445062 0
1.7410254128222433 1
1.9243256257239727 2
1.870787673726658 0
1.92947438288476 2
1.9160863392684488 2
1.8227064680975633 0
1.9412508950976177 2
1.9463090734178903 2
1.9785432407136074 2
1.8290209501585075 0
1.8120475595107366 0
1.8104058767993378 0
1.9418831438283246 2
1.9397411388692252 2
1.7965656550856426 0
1.9041425236770002 4
1.8121193287365474 0
1.8113142582370696 0
1.9417455586627121 2
1.8116447125447193 0
1.8739814696392267 0
1.9243256257239727 2
1.8486732656094491 0
1.9642122095310623 2
1.872979477479935 0
1.9260145698748692 2
1.7737122581775204 1
1.9329331480518197 2
1.8175209301326323 0
1.959828377817389 2
1.9606216895286268 2
1.816534747782208 0
1.9614891041374232 2
1.7610452526392255 1
1.924323822233422 2
1.891352214024702 2
1.7874184782920721 0
1.8689415304099095 0
1.932407554077382 2
1.8146464150918518 0
1.7559579191004893 1
2.0028689475703394 7
1.817453684764702 0
1.8839603987193334 5
1.8789524119224197 0
1.7651107289732735 1
1.8857803184924495 5
2.0054350871883946 7
2.0066556930310346 7
2.005435495206064 7
2.002715877120111 7
1.8790046809315806 2
2.0106021714051803 7
1.963957461138065 2
1.871429250593788 0
1.9299801462106732 2
1.9833447160211035 2
1.9515103713550759 2
1.9324050456258628 2
1.9343166742321776 2
1.9644664848614777 2
1.9277550019750989 2
1.9921316676469867 2
1.9474293363970467 2
1.9602754844748864 2
1.9328908127419855 2
1.9324032490694787 2
1.9285786435702064 2
1.8691292718153876 0
1.9674384168522485 2
1.9475676513676203 2
1.9324016838920999 2
1.9801886612138462 2
1.9608014031417607 2
1.9598109844626241 2
1.975944653737041 2
1.9512887636125578 2
1.9017403314418861 2
1.9087182739860848 2
1.890068385044913 2
1.8429636284118784 0
1.8901059312400186 2
1.891049259276342 2
1.8909295902825842 2
1.8912549083214145 2
1.892519725193321 2
1.890949333777963 2
1.9915547628646293 2
1.9492606282343998 2
1.8128452363574317 0
1.9008507782329631 4
2.0076687567933407 7
1.9963308968576616 2
1.9649358566775084 2
2.0032846141647997 7
1.8135766325163345 0
1.8147635840108458 0
1.8214173691821063 0
1.8518485322525982 0
1.892705047955219 2
1.8891038203115604 2
1.9796489263987438 2
1.9922610445265527 2
1.9608296269985228 2
1.8971991171969178 2
1.8830549432046872 5
1.9470905798057163 2
1.9787032249636418 2
1.9643234881206901 2
1.9148809119177395 2
1.9441332266728053 2
1.968939018009255 2
1.8740786402418927 0
1.8752704513361327 2
1.924941112354864 2
1.8774611754151338 0
1.8129696636663997 0
1.8513509475413092 0
2.0090173496096284 7
2.0080678731730615 7
2.007321396836092 7
1.9785304657373195 2
1.9642348121447566 2
1.9842289629020615 2
1.9633339698832846 2
1.978041941363059 2
1.8711940982433481 0
1.8738966673777584 0
1.806857371220344 0
1.910223467011834 4
1.8094411607930814 0
1.7412732052045223 1
1.877786682708115 6
1.8853683644535442 2
1.8956078305429593 4
1.9095563861465936 4
2.0033830173188756 7
2.0040983098297347 7
1.8783434533941468 6
1.9114917750049183 4
1.7494103260384024 1
1.8646348148614718 0
1.8620252490016316 0
1.878321145835064 0
1.8747193106063855 0
1.8253284622038362 0
1.932771650565326 2
1.808240305004978 0
1.8752590347143367 0
1.8770161109408503 0
1.8477417298650418 0
1.794997621197769 0
1.8163445718247513 0
2.0044677330981138 7
1.8022930787740916 0
1.872453457676798 0
1.7664785475981755 1
1.8822862310060167 5
1.8750205934707378 0
1.8741091570313768 0
1.8137492273123472 0
1.8688490825248811 0
1.9663270623937448 2
1.958524256989218 2
1.96243800398855 2
1.9618960594189483 2
1.818928571197601 0
1.8895993672687217 2
1.9630067312189434 2
1.949364307909901 2
1.8102371405051083 0
1.8571023770444797 0
1.8778887242882807 0
1.876430333114333 0
1.801058307342803 0
1.8042990168110615 0
1.8059998954720298 0
1.8067520450361687 0
1.7409753602812879 1
1.8259567743216167 0
1.8921187625238338 4
1.81999190007296 0
1.8756313790361903 0
1.8747365042759698 0
1.870734954366982 0
1.9774012283205638 2
1.798251839181005 0
1.9149170065226482 2
1.961370097041068 2
1.7719329895395408 1
1.9007967520838545 2
1.8133117217176302 0
1.958921445595008 2
1.7925637844077336 0
1.8763146820259802 0
1.8737837703447568 0
1.8172263534041206 0
1.8741464055969794 0
1.9327394695523785 2
1.8715570456219048 0
1.9829988583425795 2
1.9346913825244283 2
1.8770759729198276 0
1.8744927651490315 0
1.995219790444214 2
1.8692465580856235 0
1.8683592110314515 0
1.8723328565716295 0
1.8662224091589592 0
1.9804032760521013 2
1.8696935090922593 0
1.8641541249606277 0
1.8637858912243919 0
1.8567413748983017 0
1.8290874922460092 0
1.955234864408349 2
1.8259873392649904 0
1.8700021074275996 0
1.9391909115697592 2
1.8675889461300095 0
1.8698212357637658 0
1.8598284996103025 0
1.8275971112384481 0
1.8152436023627525 0
1.8637517781860675 0
1.8832274465307117 5
1.8230079629998166 0
1.8806498452116762 5
1.8686224163996301 0
1.9659591512420573 2
1.8658604675021742 0
1.961893857518353 2
1.8621902044599044 1
1.905346264933913 4
1.797233952538287 0
1.8748716089540842 0
1.8187649382190356 0
1.7913950837612433 0
1.865523754546647 0
1.7563037603433849 1
1.9333824152752435 2
1.8715241439067074 0
1.80040368350651 0
1.8144435795588918 0
1.7730130208547699 1
1.854489313068942 0
1.8089133905906138 0
1.870234925553987 0
1.8651915072516076 0
1.9634991438259444 2
1.9797503594934254 2
1.8759890157829295 0
1.8975712400619853 2
1.8270378135613363 0
1.9609235115621773 2
1.9782321997421286 2
1.8675513565788582 0
1.8754212317038295 0
1.9614542595082727 2
1.7945953800760013 0
1.7578179523707687 1
1.760767267528879 1
1.8741406470581359 0
1.8641470555635373 0
1.9642620711820162 2
1.8690793204408334 0
1.790297266930831 0
1.8026102254928584 0
1.8728609684598096 0
1.9614654775400773 2
1.8647452488178 0
1.8666070817330223 0
1.8767806834894627 0
1.8592750932959174 0
1.844405322257558 0
1.8052044964416187 0
1.8420288262643942 0
1.8657620696339372 0
1.8097177854681847 0
1.8202078297810491 0
1.7609206578937662 1
1.8028260487760372 0
1.8831177024122157 5
1.8883004951304712 4
1.885067169265312 2
1.7494699636650395 1
1.8997748221046975 4
1.907095106541495 2
1.9044984847849897 2
1.823874026504554 0
1.792244399761041 0
1.8914453269512355 5
1.8856632163090463 2
1.870984545450919 6
1.7513035327442859 1
1.889377684262674 5
1.899947805565985 4
1.9121254635033 4
2.0091077369691623 7
1.8184857391009839 0
1.8974641889997501 5
1.8013705306862635 0
1.813200124353361 0
1.8623679385222303 0
1.795232775977615 0
1.7512950051619507 1
1.9010919620432192 2
1.9555540669212992 2
1.938026277220755 2
1.8603165726005448 0
1.9634779062228942 2
1.8687650265119111 0
1.932512316302545 2
1.8698992690883123 0
1.8757130115802456 6
1.8884638401470186 5
1.8754383077662773 0
1.7931141285252985 0
1.985423044645129 2
1.8656218561342808 0
1.8999975673538807 4
1.855023315085903 0
1.9532485707527536 2
1.8004257653918934 0
1.8105178391832204 0
1.8700361967423504 0
1.8723151262908737 0
1.8675445263125914 0
1.9813146740159773 2
1.887174334114532 5
1.9628667596568166 2
2.004130643708236 7
1.9424681318945822 2
1.9342226330984598 2
1.7688181667918068 1
1.9323624407143303 2
1.8454835305207606 0
1.8648665776130093 0
1.8132357811812254 0
1.8745573442019736 0
1.7515030468554051 1
1.9310025815789598 2
1.8623936142974975 0
2.008919063122027 7
1.8958891370962796 4
1.7668121752238495 1
1.8771121054792173 0
1.9559151208738212 2
1.873774515063522 0
1.7895777360028515 0
1.8683209965334446 0
1.8847692074280022 7
1.875678585118739 0
1.9572087216093141 2
1.9661336899348951 2
1.8650499278953738 0
1.9619153190669953 2
1.8773625780655867 6
1.9327399043295412 2
1.9197204044081673 2
1.814192133390041 0
1.7555048829063404 1
1.8655263688064916 0
1.8750062922310946 0
1.8217622918077825 0
1.7901061773595006 0
1.8143949410080802 0
1.868903059623263 0
1.873325574858239 6
1.8748168184216438 0
1.7632894673394397 1
1.8730616099053616 0
1.7998354972258024 0
1.8188361337812964 0
1.9175964501773657 2
1.945921251292408 2
1.8794314094246427 2
1.814998266409817 0
2.003587940197813 7
1.951001626710211 2
1.8706009034393214 6
1.9606578974012165 2
1.91696775291401 2
1.8109320933102009 0
2.0076615037526433 7
1.931660844642138 2
1.9328863055007708 2
1.9609208601980141 2
1.92530593688045 2
1.80066371004564 0
1.9864513134370714 2
1.8704795681861706 6
1.757069248590033 1
1.809633838908447 0
1.8771447557405594 0
1.8645895615432206 0
1.8742987021804192 0
1.978784376292118 2
1.9328733517603254 2
1.8774669979555405 6
1.8932346264088284 5
1.9085655179678889 4
1.9066121123125794 4
1.8129736991405598 0
1.8804289075089737 6
2.0049069824311743 7
1.8787796401186345 0
1.7915325331889493 0
1.8933703091806708 2
1.9018123802471258 2
1.9107772575408997 4
1.7603383790842049 1
1.8904307895466528 2
1.9013187967920653 2
1.8295088892487974 0
1.9100251922450024 2
2.008534700859335 7
1.9110710601450323 4
1.7476583235973457 1
1.8066769803942988 0
1.8838414671415764 4
1.9066121123125794 4
2.0012720684447576 7
1.910386012621586 2
1.9107772575408997 4
1.8215304407742827 0
1.8450218570882586 0
1.8786673747311744 0
1.8657503463422385 0
1.8463946990025772 0
1.8637785599641032 0
1.8160782408511633 0
1.8141807344354073 0
1.8244557467914104 0
1.9971632411604359 2
1.86354385091985 0
1.899307067304392 4
1.8217098210824454 0
1.9393643217591199 2
1.8261090838528053 0
1.966102656476654 2
1.9562336466447707 2
1.740916169782235 1
1.9611717836590237 2
1.8703580802123179 0
1.8625821772523117 0
1.8781912969076988 0
1.9541570301773816 2
1.9642729564867678 2
1.8681574426986596 0
1.7637924861287757 1
1.8570256609918825 0
1.799857192000743 0
1.850717228138723 0
1.8773715057831033 0
1.8792431371882412 5
1.888284775623328 4
1.8888762528530418 5
1.7637340436353557 1
1.7630991737656836 1
1.8613480770130466 0
1.8753543771437187 0
1.814807224914221 0
1.7592647894856 1
1.7637642033990168 1
1.761189016551585 1
1.9650782107680882 2
1.763098544637002 1
1.962842370353138 2
1.7637395171151942 1
1.7637292130584876 1
1.7637398885360376 1
1.763737933425267 1
1.9808189228056037 2
1.916241625000267 2
1.938573990441962 2
1.983670315319407 2
1.9366272484054454 2
1.7595466268646043 1
1.8688002583935588 0
1.964649067774367 2
1.7599144148701447 1
1.759019089628014 1
1.86758231848813 1
1.7593065164145663 1
1.763737853757426 1
1.8540797371127538 0
1.760454046004334 1
1.759259762968289 1
1.9796028470052396 2
1.7600899622846446 1
1.7725698568465769 1
1.8685013353052635 0
1.8952730730614755 2
1.8668279213925096 0
1.7637278263289604 1
1.759866947315405 1
1.759792126511296 1
1.8593609297841776 0
1.936308057716348 2
1.7633306263653878 1
1.9814038941051515 2
1.9580144663695336 2
1.9361554991074525 2
2.0059832101309794 7
1.760311955419416 1
1.8702217160274306 0
1.8770652023278256 6
1.8773623699574442 0
1.8610650988654713 0
1.812198990655214 0
1.867560627816817 0
1.877054264138461 6
1.878201102019328 7
1.9317474503205712 2
1.950629537202161 2
1.8680114451398337 0
1.8176245203986932 0
1.8726107290641258 0
1.8999610720568636 4
1.8701769976645255 0
1.874873014715095 0
1.8687810759239345 0
1.877770472783115 0
1.7872625522620524 0
1.9155014741902046 2
1.9482089784575154 2
1.8772522535646146 0
1.8570750658613537 0
1.868285686547603 0
1.8434823311425648 0
1.8094257479088653 0
1.8138040004734557 0
2.0026355548486814 7
1.9778627067805616 2
1.8697110905019936 0
1.9919462412928952 2
1.896029051800993 4
1.9097605237249191 4
1.9177742520380976 2
2.0029483602110445 7
1.8704937977535894 0
2.00654569332048 7
1.8841929270550595 2
1.8785884344139272 0
1.798264987866358 0
1.8929973610377135 2
2.005116001920374 7
1.7605103952843904 1
1.8789453315717763 6
1.8703807819854859 0
1.87879028050933 6
1.8791894441160506 6
1.870584219712107 0
1.8757854706711554 0
1.8952900848798975 4
1.877737734289125 6
1.850774083716558 0
1.7411976438544998 1
1.8568537720988736 0
1.8153908129380423 0
1.9675198573600072 2
1.8089866269476695 0
1.8760198472114964 0
2.00380605932789 7
1.909494618444567 4
1.9614880900884184 2
1.9614880900884184 2
1.869083304045018 2
1.9556068848140964 2
1.8724210198028368 0
1.8100100156688852 0
1.763699636888187 1
1.9054770760473771 4
1.7592670334431237 1
1.8766064447613287 6
1.8758682450929365 0
1.8751495659462987 0
1.878600920944236 6
1.8747195984494474 0
1.8261795219389376 0
1.9191564428513006 2
1.8775629792420174 0
1.8564400232221936 0
1.8213873478006806 0
1.877559589566172 0
1.9622878747895018 2
1.813662194560082 0
1.8716300089673896 0
2.002991972921755 7
1.873281803804748 0
1.8733134958881748 0
1.8210513167639313 0
1.7456984973550966 1
1.8715235769193408 0
1.8725185719450403 0
1.7585098619503943 1
2.000826786714713 7
1.8666490859798186 0
1.9394074032771234 2
1.8769252634917732 0
1.9362462998825931 2
1.8553297051555842 0
1.8661169819297094 0
1.8713929981688253 0
1.8695804904870514 0
1.806664364778512 0
1.8161755926792926 0
1.818472553362264 0
1.8626053807065475 0
1.8072364117122246 0
1.8622499102734178 0
1.878745663112546 0
1.9565896415034334 2
1.8654146108912961 0
1.8022465952768916 0
1.8460897702922374 0
1.9653788377208457 2
1.8079721141659595 0
1.8804633569396256 0
1.925662469940403 2
1.95382241325367 2
2.00714063831424 7
1.8235278910835468 0
1.8664157502962648 0
1.875270589478727 0
1.8044271135769938 0
1.8727493130061996 0
1.8777521680806688 0
1.8726839930908117 0
1.8643416377287438 0
1.9626114598486262 2
1.8568650225341052 0
1.8702742273225124 0
1.878847606325851 5
1.8607628632197861 0
1.8717332749913256 0
1.9849664027656166 2
1.9343256492711904 2
1.87637711532451 0
1.9652137267837282 2
1.8153131298442209 0
1.8537776147809049 0
2.001334254418587 7
1.805297224710479 0
1.964744668982289 2
1.8163880013007674 0
1.8610692632156234 0
1.8110049649571824 0
1.979303777473388 2
1.8139156851722191 0
1.8600953562314766 0
1.9611177273167912 2
1.8687321947820013 0
1.8707707527966573 0
1.8162500169783864 0
1.9612946803224123 2
1.8543839743094896 0
1.8739971772785884 0
1.9623921060018215 2
1.9656285505952757 2
1.8156883095259482 0
1.8947634998070562 4
1.8843873446588797 4
1.8805885967781806 5
1.8768825393815043 6
1.7709673883030708 1
1.7422788285871498 1
1.8776878082508375 0
1.7575356659017451 1
1.755897739351523 1
1.8087883006434353 0
1.75446989128891 1
1.8049677620353706 0
1.9087025600102978 4
1.903271268068585 4
1.9002788688744434 2
1.8810538774688357 4
2.0030099814600186 7
1.900003658754058 4
2.001328711366933 7
1.899959106831349 4
1.7512332464537808 1
1.9096596546554117 4
1.7398271906773657 1
1.7548585269179249 1
1.8988163284571997 2
1.9006368274628025 2
2.002946914481814 7
1.9100078674961751 2
1.8665871501078484 0
1.8778504270350234 0
1.86466354136074 0
1.9612003578418584 2
1.9222883590961963 2
1.9984209759418121 2
1.8650370723227498 0
1.9851115213827248 2
1.96154895350723 2
1.800859209031663 0
1.9304218125714532 2
1.9888583204601997 2
1.8233848713628282 0
1.9313475518159824 2
1.9646472365090146 2
2.0012594412082647 7
1.8610932672852287 0
1.8090885398584027 0
1.9500006709863504 2
1.9347422635940603 2
1.8749390541293787 0
1.8031471936850612 0
1.9822791353203264 2
1.8659217720110488 0
1.7814872011487188 0
1.844759518985183 0
1.8579170017008018 0
1.8714593589669317 0
1.8722054113944553 0
1.8660439255166408 0
1.9293376943838552 2
1.872647626793478 0
1.9155003881528814 2
1.8738554984481137 0
1.931536302731232 2
1.801138708667556 0
1.8147251902761863 0
1.9932825747025185 2
1.8777439737196555 0
1.8676549569104033 0
1.8666114344577043 0
1.85738288656317 0
1.8645814822031994 0
1.819417044140692 0
1.9871659972597435 2
1.8752328065396109 0
1.9611654303663535 2
1.8781322395529216 0
1.784378095814178 0
1.8659481970927148 0
1.7768505841764939 0
1.8982436693065505 2
1.8687706576963898 0
1.868132271550434 0
1.8714465824926458 0
1.8653970504741049 0
1.8595405565159842 0
1.872447120399224 0
1.8872652050119416 4
1.8252356376281251 0
1.9874065562488294 2
1.9684493569740587 2
1.9322689435843634 2
1.8905669433602723 2
1.8070862129191403 0
1.7938092791736473 0
1.96154895350723 2
1.8556688229672496 0
1.9308419988320384 2
1.9920445879105704 2
1.8766399225988986 0
1.8692538699091557 0
1.865110761373076 0
1.81888886722631 0
1.8206140785072267 0
1.7555899707164142 1
1.8455301952646932 0
1.8137860926850553 0
1.8700709549619399 0
1.743222087059063 1
1.9669533003776076 2
1.9830000518086044 2
1.8700964196500371 0
1.868098369403268 0
1.9877868694963676 2
1.8685900739041534 0
1.9201639773606782 2
1.8760723889638546 0
1.8759295851336504 0
1.865049658709096 0
1.814116821766624 0
1.8051694323297711 0
1.8683592405296723 6
1.933156254808264 2
1.8249452435973634 0
1.871563423210627 0
1.8729934876902246 0
1.871939059384869 0
1.8700263918586322 0
1.8741903792100854 0
1.8044853985531724 0
1.8700666192619213 0
1.9572531984715158 2
1.8776420561475902 0
1.7702006450617336 1
1.8157201281259767 0
1.931352662994963 2
1.8738951736009153 0
1.8687156360588715 0
1.872290161036163 0
1.8482241704548823 0
1.8705720659851213 0
1.8764673320859753 0
1.9344391648989214 2
1.8156647997017679 0
1.865377276171123 0
1.8105832186387598 0
1.8936441020615802 3
1.8770000701068255 0
1.9341417408864667 2
1.8717004937295025 0
1.8756630209122533 0
1.9615501033417393 2
1.8631530064604869 0
1.8601659348690363 0
1.8194099709138851 0
1.878153730571422 5
1.8786413306760341 5
1.8801158618651024 5
1.739220320417749 1
1.8801737615012275 5
1.745112708209314 1
1.878776733434389 5
1.8850601242402318 5
1.8823700395108318 5
1.903738607849715 4
1.8959180283309454 4
1.8763827637431558 6
1.847570226392563 0
1.866746105692909 0
1.9164735348563733 4
1.8094694283455863 0
1.9095892883094685 4
1.879354219594693 5
1.884347419387386 5
1.8881153936427395 5
1.881142091609962 5
1.8863542315222661 5
1.8790531446804224 5
1.8796901582685477 5
1.882387301408578 5
1.7734778588150575 1
1.7594887624084155 1
1.9814065691407095 2
1.9324018681836121 2
1.801781164491318 0
1.9355209563253721 2
1.9345497698491838 2
1.994568662899695 2
1.9979374934146044 2
1.928042336223512 2
1.9635943826631077 2
1.7938379831678581 0
1.9669303518052428 2
1.960818584936246 2
1.8666606750847705 0
1.901104131221401 4
1.9804439695491756 2
1.901106566042463 4
1.9097170881686405 4
1.9664717258090083 2
1.9639398136280544 2
1.9836037912399833 2
1.9876422212277691 2
1.9264668733122527 2
1.9639712068670876 2
1.991654509780533 2
1.9679451151322884 2
1.9674450001946586 2
1.9840113645274566 2
1.9349501661751398 2
1.9589625083529603 2
1.8722916794355542 0
1.9286021962422815 2
1.9390486388797639 2
1.9527752179285167 2
1.8716772400936905 0
1.9674449834406345 2
1.9791751585036168 2
1.9355230442348343 2
1.8156466454563713 0
1.9622024981130295 2
1.9828339676211468 2
1.963651963523807 2
1.9639206895331 2
1.9559779540303945 2
1.9414380344778814 2
1.963916893299213 2
1.9482581659458484 2
1.9646121855871008 2
1.9970042239167032 2
1.9830636583093575 2
1.9639172017772635 2
1.8894070597936448 2
1.9639187343990658 2
1.9889071945009542 2
1.9437084959266602 2
1.9280485561560914 2
1.893172142279657 5
1.8801344746106903 6
1.9087224660212474 4
1.8999980478517229 4
1.9355190382524767 2
1.963916893299213 2
1.742087712623571 1
1.9499905335065304 2
1.9800729958852545 2
1.9012062750782328 4
1.9639162532796506 2
1.9528134505264192 2
1.9639215881234025 2
1.9659973533225343 2
1.9811148625663402 2
1.8788079064932646 0
1.8167784621647738 0
1.947356726643541 2
1.9802180103369122 2
1.9355230442348343 2
1.9556524504964923 2
1.8564218817226126 0
1.9853347291424233 2
1.9499905335065304 2
1.9324018614389253 2
1.7862597907949447 0
1.9355230442348343 2
1.984764144313093 2
1.825820278140366 0
1.9472125281754473 2
1.8642278323141601 0
1.9787324450581636 2
1.9278989900100398 2
1.9639139191568054 2
1.9976805428972115 2
1.948159786839275 2
1.9832343293237078 2
1.8831724648121793 5
1.8751994957921492 5
1.8679249602865295 0
1.9355230415538711 2
1.9639169160296792 2
1.9469015747107574 2
1.986752899505199 2
1.9280364503806786 2
1.924730323159911 2
1.9327744792396897 2
1.9637171578101107 2
1.9984408854224134 2
1.9422754643480957 2
1.9433021028367352 2
1.9448242368151427 2
1.9647228389565412 2
1.934594553398726 2
1.8843239633022433 5
1.9420982490319725 2
1.7999021475621355 0
1.980854970930555 2
1.914559868208924 2
1.9469387144292727 2
1.9394857445937261 2
1.9436868532970393 2
1.9280485561560914 2
1.963641350368753 2
1.9860212609567796 2
1.947655149838707 2
1.95416468472715 2
1.8080707565693734 0
1.8207776546392125 0
1.9647533305372014 2
1.9518850229393905 2
1.9785796365726214 2
1.8935275884157452 4
1.9299918113484598 2
1.9674450001946586 2
1.9449230088884268 2
1.9494127297844972 2
1.759818368041343 1
1.967445069789429 2
1.9670223400205844 2
1.9639701209721823 2
1.8788880884969847 0
1.9842800342612115 2
1.9639108713826972 2
1.9561711361487635 2
1.878721334548105 6
1.9812342391924074 2
1.9639171407566924 2
1.9844706273740653 2
1.982161111497575 2
1.9674485467818015 2
1.8087849732582861 0
1.7614170931180173 1
1.9390515506574202 2
1.8680212167855321 0
1.944193093459408 2
1.8775913439333523 7
1.9639083629311782 2
1.9674364478930382 2
1.9647589963822762 2
1.7728250351093051 1
1.981769812049137 2
1.980086965089211 2
1.9642407464038008 2
1.8742398608475872 0
1.9769070431206752 2
1.8213007111821227 0
1.9315645567900568 2
1.916036761559462 2
1.943350881149497 2
1.8810307823477657 5
1.9567819649932652 2
1.9672790798394855 2
1.9642904193969115 2
1.977114944391409 2
1.9395498806339666 2
1.8870788456388385 2
1.9828169058763425 2
1.977312777283779 2
1.9809083862382248 2
1.8647204652096951 0
1.922244866842255 2
1.986248574215699 2
1.9440036698353995 2
1.908482750824615 4
1.9793662797321712 2
1.9675117174371235 2
1.9391613112312487 2
1.9465301299231963 2
1.9639155149062597 2
1.877124107083281 0
1.9436566332051075 2
1.9328100901563112 2
1.9654135764732392 2
1.9523553763881718 2
1.9638425631587575 2
1.979563978415874 2
1.9615323969674994 2
1.9823841732263445 2
1.9675888528526524 2
1.8714198818915206 0
1.9532410835739036 2
1.9345497698491838 2
1.9413319588603353 2
1.9806678234543988 2
1.9394131785419115 2
1.948079990778377 2
1.9851037399938103 2
1.807707175233007 0
1.8760547817523894 6
1.9967385852696267 2
1.963916893299213 2
1.7725461632282338 1
1.9828124635321691 2
1.983406046105986 2
1.9338831587749212 2
1.8756398440086186 0
1.9759139624479636 2
1.9674201300860765 2
1.9810978266123394 2
1.9479781879889644 2
1.9274567647177592 2
1.774280301659076 1
1.8824297236849619 2
1.967438275509266 2
1.9808558709738189 2
1.9850952845551677 2
1.9819205148631638 2
1.7745806568704654 1
1.8679546737273556 0
1.9712407766854612 2
1.9460917887258362 2
1.9843874653125853 2
1.9799169523983808 2
1.9670451212570168 2
1.9335590602539814 2
1.862319430711049 0
1.9349627136576335 2
2.0002799975567918 7
1.985180702956092 2
1.8676835083699952 1
1.8685906779451578 0
1.9323341637681755 2
1.7918903491896354 0
1.9946240733048135 2
1.9246529168427158 2
1.7586301351609266 1
1.932115374545649 2
1.952163755552134 2
1.93905115113028 2
1.8695401061748016 6
1.7596338740798598 1
1.869863883168959 0
1.9315138844912403 2
1.8499039538152817 0
1.9345438150167158 2
1.9641718826166834 2
1.7962070868354358 0
1.9838759290794574 2
1.9643688705474818 2
1.9532783725069707 2
1.8688019315704478 0
1.8310251741138042 0
2.003304635981302 7
1.8882341017862696 4
1.8639099072426109 0
1.982465220144265 2
1.9637111572560773 2
1.9068000474777638 4
1.9827924822171803 2
1.9647148945277884 2
1.8612155267601482 2
1.8027223909904584 0
1.9056734808107247 2
1.773210256312487 1
1.926554056580832 2
1.9639154614284782 2
2.0088667566510847 7
1.932590554385162 2
1.8164485877491894 0
1.961179368298085 2
1.9480654496694025 2
1.8840355109286364 5
1.8095737253096529 0
1.976759039960464 2
1.963916893299213 2
1.9438496916057537 2
1.9607957154562299 2
1.9866788721780937 2
1.9607957154562299 2
1.9274351168358304 2
1.7862488619429664 0
1.977382158943896 2
1.9608420922808558 2
1.9880138853985412 2
1.976962190227873 2
1.9956136531453088 2
1.8005230405160804 0
1.9639212831524815 2
1.9279176854959492 2
2.0016889956480903 7
1.9864125736362854 2
1.8703406577611799 0
1.8740352835435607 0
1.9633417374265976 2
1.9319637163418961 2
1.9641711629321528 2
1.878108696998349 0
1.8788143479857906 5
2.0051902457639663 7
1.7557845985302427 1
1.7538893715331074 1
1.9469707258823823 2
1.9055382236236382 2
1.94744786565582 2
1.8287272734576419 0
1.943091807670929 2
1.8820562959362697 5
1.9471765041637004 2
1.9798693348444139 2
1.8559874144439399 0
1.980917788009714 2
1.859979305937479 0
1.870834084971271 6
1.9674453686687767 2
1.8097620602837239 0
1.8884899471552272 5
1.7728280813958641 1
1.983487548524999 2
1.9525850339240487 2
1.9847535752476713 2
1.8150859790574398 0
1.9309752237921725 2
1.7601791658791865 1
1.9798486968219895 2
1.8650531034895743 0
1.880414117064294 5
1.8810553871345785 5
1.9768082626098757 2
1.9641367139087418 2
1.9432135794506458 2
1.9459565036368949 2
1.9806372548539244 2
1.759398294216757 1
1.9856228165413135 2
1.9839205013275913 2
1.878873978028877 5
1.9432135794506458 2
1.7606026319113988 1
1.8144765411015276 0
1.87134253701929 0
1.9904224985714682 2
1.879864427465587 5
1.9879807324914833 2
1.926854733234813 2
1.879864427465587 5
1.772595517271015 1
1.9838186612259956 2
1.9640784822629822 2
1.9813309225670315 2
1.9423971126635977 2
1.9306118264077936 2
1.951257782180149 2
1.9639768894379288 2
1.9274522020288603 2
1.8668239884060658 0
1.9280524401789387 2
1.9664700487426388 2
1.9674443204774177 2
2.0007984397310836 7
1.8752049662184356 0
1.8547644339377107 0
1.8619425006858101 0
1.8725842596597604 0
1.9639183771348567 2
1.9639161619170644 2
1.9274404420304325 2
1.9358262366493793 2
1.774413091916606 1
1.8091061119392686 0
1.9804825010010914 2
1.8820308985285168 5
1.9420882372011805 2
1.8704340834308242 0
1.8792086439930833 7
1.9358855153613677 2
1.9668759014258532 2
1.92882011288029 2
1.9328313754744169 2
1.948870920281837 2
1.8668293584725737 0
1.8125292676504776 0
1.8181988579223376 0
1.9799373244745593 2
1.9623374170553038 2
1.9802409328384512 2
1.8066110949332568 0
1.944272216515539 2
1.9639104447144122 2
1.8732959093554673 0
1.8791383075859494 0
1.9804154315606532 2
1.96541371831899 2
1.7553056155536144 1
1.8720110900414915 0
1.8632585126117764 0
1.8723097201463055 0
1.8726950278608028 0
1.8610762347330394 0
1.7592267914659387 1
1.8108311308931928 0
1.8131418838790676 0
1.761369798788865 1
1.9440157138431382 2
1.801471518775568 0
1.9654987616327526 2
1.87618420328547 0
1.8548792857743122 0
1.964471426674872 2
1.8468372356773322 0
1.9809201385571276 2
1.9491746435516772 2
1.9291312676195456 2
1.9642515617528227 2
1.9826495551232428 2
1.9509051157190809 2
1.9274350939649092 2
1.9796168166961914 2
1.939055863801997 2
1.8773071347517536 5
1.9069515940250001 3
1.878734448741251 4
1.8798176962230055 5
1.8760610861583131 0
1.7429534964770423 1
1.9183080406253914 2
1.8223217616371135 0
1.8714889934616337 0
1.9662787202545453 2
1.9011001493494841 2
1.8806048138062614 5
1.8674722211051675 0
1.9537604062009442 2
1.8207050837446448 0
1.9467621031625815 2
1.9280525640495003 2
1.878895155931299 5
1.8792866152877548 5
1.9589786281524642 2
1.9427710134683713 2
1.956220101823027 2
1.8798336937328421 3
1.9507215780608205 2
1.9464997418888987 2
1.9639168917671153 2
1.940206403918304 2
1.962379779458998 2
1.960957304419999 2
1.9607279429240836 2
2.002716215596015 7
1.9639108713826972 2
1.9453071229742136 2
1.9291221580490046 2
1.9675766174643567 2
1.9589865470529642 2
1.9644209072620835 2
1.9664715173849383 2
1.9642776754001727 2
1.7728391438864544 1
1.9241892301344528 2
1.868953261339641 0
1.8853048875799583 5
1.9360863978027525 2
1.9325283029267641 2
1.8903306118105192 2
1.931797501604791 2
1.8988757647412056 2
1.871391372870641 0
1.9280545636522943 2
1.9280351890400762 2
1.9676648208041874 2
1.9897367019405203 2
1.9528013689074548 2
1.974909548218629 2
1.9920883539975103 2
1.9914691970564442 2
1.9676648435346535 2
1.963910668478698 2
1.8120787580747173 0
1.8787029822786605 0
1.9843728355223886 2
1.928377861431733 2
1.9872536748305267 2
1.9656580634357284 2
1.9597469042958582 2
1.9544872282639214 2
1.9359359952038127 2
1.9960781765887254 2
1.9868514884267023 2
1.9464621624848208 2
1.798919272744193 0
1.9324332906688313 2
1.8667263163437413 0
1.928598339035113 2
1.9836526432088848 2
1.914714966086157 2
1.953147562275023 2
1.9843990142755006 2
1.87421060707215 0
1.935516022716015 2
1.9639168863314826 2
1.9750557360051446 2
1.954722419737385 2
1.7572935444117004 1
1.9643680639069467 2
1.9637643383967038 2
1.8644671992046788 1
1.9689383503124813 2
1.8940657286645202 5
1.8458913942935997 0
1.96632880493515 2
1.876551575200243 0
1.9823328673603293 2
1.8791237261991225 4
1.9838674437209256 2
1.8073520152750484 0
1.8742285987645577 0
1.8759321660973816 0
1.931509865974665 2
1.8777569679253172 0
1.9280364498946112 2
1.950115774948361 2
1.8730683062954598 0
1.9919721055264157 2
1.8820112056514204 5
1.872712671713134 0
1.9762991231282416 2
1.9853828383630592 2
1.8586681291187963 0
1.7997953063468692 0
1.9612431427419814 2
1.8792188397624285 5
1.98391897465546 2
1.9835612691927653 2
1.962583926460506 2
1.8999823130297968 4
1.8150839605146925 0
1.9950311409717947 2
1.9803322160569716 2
1.8855990191759306 5
1.9045268198070104 4
1.8823933816871572 5
1.95270010613776 2
1.928052541178579 2
1.9355230034728776 2
1.9869089658251524 2
1.9639182464529341 2
1.7838409569389833 0
1.8787350247763874 0
1.9950244641995776 2
1.9417251914259557 2
1.957432932679239 2
1.7596729829373539 1
1.7726820435213761 1
1.8787760785150673 6
1.9555074133152166 2
1.9345497698491838 2
1.8785220564783203 0
1.7863710475941945 0
1.9505712983892636 2
1.772226609054397 1
1.8644534065800575 0
1.9355172670337846 2
1.9485142315868265 2
1.855348748537308 0
1.942896779183826 2
2.0020467421813937 7
1.8053408929159764 0
1.8787350247763874 0
1.8661942961188105 0
1.9420793419374855 2
1.7961009372842502 0
1.9814586716842222 2
1.9644610642495544 2
1.814020914407802 0
1.8777212153461114 0
1.806068903689049 0
1.9604795736734664 2
1.9643298442681913 2
1.9674449063238417 2
1.9856712588456173 2
1.9536426144774648 2
1.8128844062655534 0
1.8231258962670112 0
1.871871857214472 0
1.808269353402671 0
1.9415173789296623 2
1.9274881198941967 2
1.9486610665152084 2
1.9840045993677966 2
1.9850261425691695 2
1.8780349765749578 0
1.9573990826476029 2
1.9600076032641873 2
1.9969667622328127 2
1.9607953812252445 2
1.9901625520863178 2
1.8678841306987553 0
1.9842112967965628 2
1.9591973932788258 2
1.8683057163348529 0
1.7748532361371625 1
1.8151723782372984 0
1.7960330873217816 0
1.939011405876068 2
1.8861672035998165 5
1.8657108476757502 0
1.9643238223516755 2
1.9594445122321014 2
1.7749201397650858 1
1.9845285436106874 2
1.9390498109631478 2
1.9663507244541123 2
1.8689868163050922 6
1.766074208642038 1
1.8760795167583901 0
1.8855072751674986 5
1.875952976553098 6
1.8845516871640386 5
1.8789676299826894 6
1.8553320309782022 0
1.8892419057342649 5
1.7602997429113125 1
1.816292699539709 0
1.8883730690121872 2
1.8931887414713078 2
1.8788100874256932 0
1.8855072751674986 5
2.002839221282497 7
1.7562423494727424 1
1.8125051423225431 0
1.8800223991795417 6
